1754884839.015263 0.00258471 0.00078939 -0.0101505 0.000297109 0.000200399 0.00026227 1
1754884839.115263 0.00681125 -0.00105207 -0.0043466 0.000135001 5.15979e-05 1.52264e-05 1
1754884839.215179 0.0082517 0.000403767 0.00232946 3.71693e-05 0.000107779 0.000188825 1
1754884839.315246 0.011298 0.00190863 0.00232243 7.18955e-05 8.7649e-05 0.000118415 1
1754884839.415240 0.00807494 0.00182434 0.00362684 4.4316e-05 0.000115181 6.89242e-05 1
1754884839.515260 0.00574489 0.00227837 0.000738305 9.76317e-05 0.000105998 0.000205177 1
1754884839.615238 0.00480951 0.0034675 -0.0016756 9.62162e-05 6.28018e-05 8.03027e-05 1
1754884839.715216 0.00222186 0.00310699 -0.00350666 0.000120121 0.00010481 0.000218064 1
1754884839.815210 0.00283557 0.00338964 -0.00210377 7.03321e-05 7.75805e-05 0.000129647 1
1754884839.915146 0.00426568 0.00489733 -0.00169005 8.90109e-05 9.2097e-05 0.000171221 1
1754884840.015166 0.00517262 0.00461914 -0.00148207 0.000114389 9.27594e-05 0.0001221 1
1754884840.115154 0.00458079 0.00556954 -0.00118528 9.80571e-05 8.5665e-05 0.000130701 1
1754884840.215158 0.00662076 0.00745198 -0.000861057 0.000102948 9.00941e-05 0.000161803 1
1754884840.315223 0.00515575 0.00809398 -0.000341544 7.07331e-05 0.000105431 7.84069e-05 1
1754884840.415169 0.00755771 0.00920002 0.000342679 8.2792e-05 0.000104759 0.000155559 1
1754884840.515216 0.00454126 0.00992804 0.00115685 7.01233e-05 0.000127586 4.40085e-05 1
1754884840.615145 0.00104237 0.0090667 0.00193465 5.35983e-05 0.000132076 6.58509e-05 1
1754884840.715141 -0.00097944 0.00544585 0.00226624 5.3148e-05 0.000143265 0.000141106 1
1754884840.815132 0.000164092 0.00480869 0.00240025 4.41779e-05 0.000142686 0.000138634 1
1754884840.915130 3.4534e-05 0.00342356 0.00134321 6.35917e-05 0.000131557 0.000140514 1
1754884841.015141 0.00103848 0.00595781 0.000440537 8.34038e-05 0.000128304 0.000109533 1
1754884841.115117 0.00317011 0.00685202 0.000415805 0.000113326 0.000142478 5.59177e-05 1
1754884841.215148 0.00054601 0.00862963 0.000755753 7.32323e-05 0.000101567 0.000107386 1
1754884841.315128 -0.00366545 0.0101151 0.00204385 4.85101e-05 0.000138651 5.26304e-05 1
1754884841.415098 -0.00176985 0.0102658 0.00192816 7.79646e-05 0.000148407 0.000146455 1
1754884841.515050 0.011047 0.0120116 -0.000160372 0.000106308 8.44467e-05 0.000144601 1
1754884841.615137 0.0103232 0.0116683 0.000308225 0.000101476 9.43425e-05 0.000186434 1
1754884841.715037 0.00705511 0.00897414 0.000262548 8.5619e-05 0.000116642 0.000108132 1
1754884841.815039 0.00767101 0.0100196 -0.000265695 8.76124e-05 8.86502e-05 6.22645e-05 1
1754884841.915029 0.00540408 0.011611 -0.000352674 9.62236e-05 0.000102487 2.97213e-05 1
1754884842.015013 0.00633495 0.0113127 -0.000400246 8.99556e-05 9.36912e-05 5.56857e-05 1
1754884842.115018 0.0128679 0.00882552 -0.00135172 0.000108089 7.25975e-05 0.000107934 1
1754884842.214926 0.0142675 0.00614193 -0.000562554 7.57633e-05 9.89203e-05 0.000180833 1
1754884842.314985 0.0164583 0.00390233 -0.000540329 7.58098e-05 0.000119131 0.00018111 1
1754884842.415051 0.0153053 0.0100074 -0.000108251 8.37054e-05 7.82727e-05 6.56848e-05 1
1754884842.514995 0.00743456 0.0117857 0.000906555 7.14113e-05 0.000122452 0.000155434 1
1754884842.614975 0.00196927 0.0116511 0.00191363 6.85354e-05 0.000143004 0.000106216 1
1754884842.714928 0.00267908 0.0114372 0.000317541 8.73913e-05 0.000112961 9.93753e-05 1
1754884842.814969 -0.000396921 0.0113895 0.000683046 7.16992e-05 0.000139502 4.54741e-05 1
1754884842.914990 -0.000612258 0.00851063 0.00027128 8.44998e-05 0.000114139 0.000121483 1
1754884843.014990 0.00131985 0.00821873 -0.000620365 7.75747e-05 9.79042e-05 5.7029e-06 1
1754884843.114980 0.0129975 0.0063176 -0.000273226 8.34697e-05 8.79993e-05 0.000201961 1
1754884843.214938 0.0127963 0.00559015 0.000481211 7.51492e-05 0.0001135 0.000246834 1
1754884843.314967 0.00946031 0.00642551 0.00114673 5.5897e-05 0.000104637 9.80981e-05 1
1754884843.414932 0.0136758 0.00647339 0.00205598 5.16956e-05 0.000102712 5.78947e-05 1
1754884843.514971 0.0143074 0.00891037 0.00167289 6.42531e-05 0.000104786 0.000159033 1
1754884843.614940 0.0107443 0.0101704 0.00228465 6.73667e-05 0.000149408 6.2616e-05 1
1754884843.714927 0.00934605 0.00706968 0.00238753 4.52049e-05 0.000114361 0.0001563 1
1754884843.814962 0.0116476 0.00500466 0.00132228 3.64031e-05 0.000105746 7.05919e-05 1
1754884843.914899 0.00887416 0.00402893 0.00210099 2.43452e-05 0.000105148 0.00019085 1
1754884844.014930 0.00633011 0.00408457 0.00191319 4.52818e-05 0.000124627 0.000201096 1
1754884844.114772 0.00579418 0.00573319 0.00149459 6.24571e-05 0.000124658 0.000138224 1
1754884844.214793 0.0137685 0.00992654 0.000489857 6.82589e-05 0.000106017 0.000125621 1
1754884844.314929 0.0118152 0.0100277 0.000498258 8.13362e-05 0.000113424 0.000123577 1
1754884844.414826 0.0112172 0.0095179 0.000787527 7.315e-05 0.000128501 0.000139927 1
1754884844.514833 0.00797407 0.00842785 0.00181569 5.10323e-05 0.00013542 8.91448e-05 1
1754884844.616132 0.00608628 0.00774736 0.00234815 3.80981e-05 0.000152918 9.98112e-05 1
1754884844.716165 0.0191398 2.32868e-05 0.000400212 8.85728e-05 0.000111014 0.000153143 1
1754884844.816161 0.0198314 0.000901494 0.000958651 5.34355e-05 7.07055e-05 0.000148422 1
1754884844.916129 0.0157599 0.0039884 0.00178665 6.29517e-05 0.000107287 0.000160591 1
1754884845.016181 0.00760225 0.00736819 0.00218885 5.07863e-05 9.9075e-05 0.000179574 1
1754884845.116192 0.00605605 0.00937771 0.00243316 5.07417e-05 8.46337e-05 0.000176276 1
1754884845.214765 0.00602793 0.0107675 0.00181947 5.43124e-05 0.000110272 0.00020024 1
1754884845.314868 0.00379708 0.00945022 0.00187143 5.42464e-05 0.000112778 9.92245e-05 1
1754884845.416152 0.00521702 0.00824491 0.00197052 3.73859e-05 9.80797e-05 0.00010565 1
1754884845.516187 0.00515242 0.00785106 0.00173278 5.27643e-05 0.000115139 0.0001271 1
1754884845.616138 0.00303794 0.00647208 0.00143778 6.17129e-05 0.000118722 0.000207347 1
1754884845.714803 0.00185114 0.00539008 0.00110105 4.87659e-05 0.000112965 0.000202256 1
1754884845.814788 -0.00185881 0.00561524 0.00198536 4.244e-05 0.000123917 2.0643e-05 1
1754884845.916148 -0.00358562 0.00500705 0.00223464 3.57337e-05 0.000133569 0.000109005 1
1754884846.016104 -0.00599985 0.00522789 0.00376485 2.58873e-05 0.000126396 5.36567e-05 1
1754884846.116095 -0.00942259 0.00482689 0.00440603 1.21701e-05 0.000116595 2.16999e-05 1
1754884846.216040 -0.0126943 0.00553425 0.0043421 2.01097e-05 0.000135889 9.00321e-06 1
1754884846.315993 -0.0156398 0.00683018 0.00376458 1.43368e-05 0.000156242 1.347e-05 1
1754884846.416077 -0.00535874 0.00908727 0.00275435 3.78433e-05 0.000126118 0.000124274 1
1754884846.516092 -0.00102476 0.0111515 0.00203626 3.23622e-05 0.000131776 0.000133302 1
1754884846.616064 0.00326046 0.0131732 0.00127299 2.00505e-05 0.000143959 0.000135176 1
1754884846.716057 0.00782858 0.0108964 0.00130361 5.07291e-05 8.76137e-05 6.15107e-05 1
1754884846.816065 0.012124 0.0112506 0.0007005 2.56986e-05 8.09063e-05 4.65559e-05 1
1754884846.916098 0.0126463 0.0116957 -0.000117965 7.29582e-05 8.76237e-05 0.000159916 1
1754884847.016089 0.0164935 0.013138 -0.00115803 0.000105124 0.000104272 0.00014545 1
1754884847.116041 0.0179183 0.0143603 -0.00220364 0.000118843 9.30436e-05 0.000231015 1
1754884847.215983 0.0158318 0.0151089 -0.000980398 0.000105333 0.000114705 0.000238366 1
1754884847.316057 0.0156641 0.0156006 -0.000737596 0.000111924 0.000104938 0.000153125 1
1754884847.416035 0.00865832 0.0152765 0.00116782 5.91724e-05 9.89726e-05 0.000167344 1
1754884847.516012 0.0125159 0.0167934 -0.000655147 0.000114301 0.00012394 0.000184892 1
1754884847.616012 0.0160625 0.015995 -0.00144768 0.000124953 0.000103631 0.00015017 1
1754884847.716023 0.00786432 0.0137665 0.000658567 8.24391e-05 0.00011888 0.000170854 1
1754884847.816034 0.0121189 0.0135331 0.000252723 9.62659e-05 0.000108247 0.000170987 1
1754884847.916071 0.0158589 0.0143659 -0.000230749 8.16871e-05 9.88496e-05 0.000230392 1
1754884848.016006 0.0137857 0.0135363 0.000749478 6.99037e-05 0.000116141 0.000152001 1
1754884848.116012 0.0123235 0.0137457 -0.000499962 9.66812e-05 0.000113712 0.000152227 1
1754884848.215975 0.0109889 0.0149174 -0.000342482 9.99612e-05 0.000107922 0.000177863 1
1754884848.315949 0.0155379 0.0166863 -0.00228769 0.000130294 0.000115021 0.000213919 1
1754884848.416010 0.018996 0.0164949 -0.00287455 0.000122226 9.0545e-05 0.000240518 1
1754884848.515997 0.0118366 0.0169115 -0.00126866 8.36902e-05 0.000108097 0.000241165 1
1754884848.615887 0.0118366 0.0169115 -0.00126866 8.36902e-05 0.000108097 0.000241165 1
1754884848.715907 0.0118366 0.0169115 -0.00126866 8.36902e-05 0.000108097 0.000241165 1
1754884848.816001 0.0118366 0.0169115 -0.00126866 8.36902e-05 0.000108097 0.000241165 1
1754884848.915890 0.0118366 0.0169115 -0.00126866 8.36902e-05 0.000108097 0.000241165 1
1754884849.016092 0.0118366 0.0169115 -0.00126866 8.36902e-05 0.000108097 0.000241165 1
1754884849.115921 0.0118366 0.0169115 -0.00126866 8.36902e-05 0.000108097 0.000241165 1
1754884849.215894 0.0118366 0.0169115 -0.00126866 8.36902e-05 0.000108097 0.000241165 1
1754884849.315947 0.0118366 0.0169115 -0.00126866 8.36902e-05 0.000108097 0.000241165 1
1754884849.415938 0.0118366 0.0169115 -0.00126866 8.36902e-05 0.000108097 0.000241165 1
1754884849.515944 0.0118366 0.0169115 -0.00126866 8.36902e-05 0.000108097 0.000241165 1
1754884849.615920 0.0118366 0.0169115 -0.00126866 8.36902e-05 0.000108097 0.000241165 1
1754884849.715905 0.0118366 0.0169115 -0.00126866 8.36902e-05 0.000108097 0.000241165 1
1754884849.815794 0.0118366 0.0169115 -0.00126866 8.36902e-05 0.000108097 0.000241165 1
1754884849.915901 0.0118366 0.0169115 -0.00126866 8.36902e-05 0.000108097 0.000241165 1
1754884850.015843 0.0118366 0.0169115 -0.00126866 8.36902e-05 0.000108097 0.000241165 1
1754884850.115862 0.0118366 0.0169115 -0.00126866 8.36902e-05 0.000108097 0.000241165 1
1754884850.215900 0.0118366 0.0169115 -0.00126866 8.36902e-05 0.000108097 0.000241165 1
1754884850.315815 0.0118366 0.0169115 -0.00126866 8.36902e-05 0.000108097 0.000241165 1
1754884850.415878 0.0118366 0.0169115 -0.00126866 8.36902e-05 0.000108097 0.000241165 1
1754884850.515846 0.0118366 0.0169115 -0.00126866 8.36902e-05 0.000108097 0.000241165 1
1754884850.615843 0.0118366 0.0169115 -0.00126866 8.36902e-05 0.000108097 0.000241165 1
1754884850.715831 0.0118366 0.0169115 -0.00126866 8.36902e-05 0.000108097 0.000241165 1
1754884850.815789 0.0118366 0.0169115 -0.00126866 8.36902e-05 0.000108097 0.000241165 1
1754884850.915810 0.0118366 0.0169115 -0.00126866 8.36902e-05 0.000108097 0.000241165 1
1754884851.015808 0.0118366 0.0169115 -0.00126866 8.36902e-05 0.000108097 0.000241165 1
1754884851.115811 0.0118366 0.0169115 -0.00126866 8.36902e-05 0.000108097 0.000241165 1
1754884851.215773 0.0118366 0.0169115 -0.00126866 8.36902e-05 0.000108097 0.000241165 1
1754884851.315805 0.0118366 0.0169115 -0.00126866 8.36902e-05 0.000108097 0.000241165 1
1754884851.415792 0.0118366 0.0169115 -0.00126866 8.36902e-05 0.000108097 0.000241165 1
1754884851.515782 0.0118366 0.0169115 -0.00126866 8.36902e-05 0.000108097 0.000241165 1
1754884851.615744 0.0118366 0.0169115 -0.00126866 8.36902e-05 0.000108097 0.000241165 1
1754884851.715729 0.0118366 0.0169115 -0.00126866 8.36902e-05 0.000108097 0.000241165 1
1754884851.815727 0.0118366 0.0169115 -0.00126866 8.36902e-05 0.000108097 0.000241165 1
1754884851.915772 0.0118366 0.0169115 -0.00126866 8.36902e-05 0.000108097 0.000241165 1
1754884852.015755 0.0118366 0.0169115 -0.00126866 8.36902e-05 0.000108097 0.000241165 1
1754884852.115692 0.0118366 0.0169115 -0.00126866 8.36902e-05 0.000108097 0.000241165 1
1754884852.215740 0.0118366 0.0169115 -0.00126866 8.36902e-05 0.000108097 0.000241165 1
1754884852.315691 0.0118366 0.0169115 -0.00126866 8.36902e-05 0.000108097 0.000241165 1
1754884852.415685 0.0118366 0.0169115 -0.00126866 8.36902e-05 0.000108097 0.000241165 1
1754884852.515728 0.0118366 0.0169115 -0.00126866 8.36902e-05 0.000108097 0.000241165 1
1754884852.615714 0.0118366 0.0169115 -0.00126866 8.36902e-05 0.000108097 0.000241165 1
1754884852.715720 0.0118366 0.0169115 -0.00126866 8.36902e-05 0.000108097 0.000241165 1
1754884852.815634 0.0118366 0.0169115 -0.00126866 8.36902e-05 0.000108097 0.000241165 1
1754884852.915616 0.0118366 0.0169115 -0.00126866 8.36902e-05 0.000108097 0.000241165 1
1754884853.015684 0.0118366 0.0169115 -0.00126866 8.36902e-05 0.000108097 0.000241165 1
1754884853.115671 0.0118366 0.0169115 -0.00126866 8.36902e-05 0.000108097 0.000241165 1
1754884853.215673 0.0118366 0.0169115 -0.00126866 8.36902e-05 0.000108097 0.000241165 1
1754884853.315680 0.0118366 0.0169115 -0.00126866 8.36902e-05 0.000108097 0.000241165 1
1754884853.415607 0.0118366 0.0169115 -0.00126866 8.36902e-05 0.000108097 0.000241165 1
1754884853.515675 0.0118366 0.0169115 -0.00126866 8.36902e-05 0.000108097 0.000241165 1
1754884853.615625 0.0118366 0.0169115 -0.00126866 8.36902e-05 0.000108097 0.000241165 1
1754884853.715567 0.0118366 0.0169115 -0.00126866 8.36902e-05 0.000108097 0.000241165 1
1754884853.815572 0.0118366 0.0169115 -0.00126866 8.36902e-05 0.000108097 0.000241165 1
1754884853.915585 0.0118366 0.0169115 -0.00126866 8.36902e-05 0.000108097 0.000241165 1
1754884854.015570 0.0118366 0.0169115 -0.00126866 8.36902e-05 0.000108097 0.000241165 1
1754884854.115596 0.0118366 0.0169115 -0.00126866 8.36902e-05 0.000108097 0.000241165 1
1754884854.215569 0.0118366 0.0169115 -0.00126866 8.36902e-05 0.000108097 0.000241165 1
1754884854.315537 0.0118366 0.0169115 -0.00126866 8.36902e-05 0.000108097 0.000241165 1
1754884854.415596 0.0118366 0.0169115 -0.00126866 8.36902e-05 0.000108097 0.000241165 1
1754884854.515568 0.0118366 0.0169115 -0.00126866 8.36902e-05 0.000108097 0.000241165 1
1754884854.615522 0.0118366 0.0169115 -0.00126866 8.36902e-05 0.000108097 0.000241165 1
1754884854.715560 0.0118366 0.0169115 -0.00126866 8.36902e-05 0.000108097 0.000241165 1
1754884854.815580 0.0118366 0.0169115 -0.00126866 8.36902e-05 0.000108097 0.000241165 1
1754884854.915538 0.0118366 0.0169115 -0.00126866 8.36902e-05 0.000108097 0.000241165 1
1754884855.015535 0.0118366 0.0169115 -0.00126866 8.36902e-05 0.000108097 0.000241165 1
1754884855.115527 0.0118366 0.0169115 -0.00126866 8.36902e-05 0.000108097 0.000241165 1
1754884855.215556 0.0118366 0.0169115 -0.00126866 8.36902e-05 0.000108097 0.000241165 1
1754884855.315515 0.0118366 0.0169115 -0.00126866 8.36902e-05 0.000108097 0.000241165 1
1754884855.415558 0.0118366 0.0169115 -0.00126866 8.36902e-05 0.000108097 0.000241165 1
1754884855.515469 0.0118366 0.0169115 -0.00126866 8.36902e-05 0.000108097 0.000241165 1
1754884855.615474 0.0118366 0.0169115 -0.00126866 8.36902e-05 0.000108097 0.000241165 1
1754884855.715478 0.0118366 0.0169115 -0.00126866 8.36902e-05 0.000108097 0.000241165 1
1754884855.815413 0.0118366 0.0169115 -0.00126866 8.36902e-05 0.000108097 0.000241165 1
1754884855.915446 0.0118366 0.0169115 -0.00126866 8.36902e-05 0.000108097 0.000241165 1
1754884856.015480 0.0118366 0.0169115 -0.00126866 8.36902e-05 0.000108097 0.000241165 1
1754884856.115471 0.0118366 0.0169115 -0.00126866 8.36902e-05 0.000108097 0.000241165 1
1754884856.215454 0.0118366 0.0169115 -0.00126866 8.36902e-05 0.000108097 0.000241165 1
1754884856.315450 0.0118366 0.0169115 -0.00126866 8.36902e-05 0.000108097 0.000241165 1
1754884856.415411 0.0118366 0.0169115 -0.00126866 8.36902e-05 0.000108097 0.000241165 1
1754884856.515434 0.0118366 0.0169115 -0.00126866 8.36902e-05 0.000108097 0.000241165 1
1754884856.615442 0.0118366 0.0169115 -0.00126866 8.36902e-05 0.000108097 0.000241165 1
1754884856.715433 0.0118366 0.0169115 -0.00126866 8.36902e-05 0.000108097 0.000241165 1
1754884856.815397 0.0118366 0.0169115 -0.00126866 8.36902e-05 0.000108097 0.000241165 1
1754884856.915450 0.0118366 0.0169115 -0.00126866 8.36902e-05 0.000108097 0.000241165 1
1754884857.015349 0.0118366 0.0169115 -0.00126866 8.36902e-05 0.000108097 0.000241165 1
1754884857.115419 0.0118366 0.0169115 -0.00126866 8.36902e-05 0.000108097 0.000241165 1
1754884857.215440 0.0118366 0.0169115 -0.00126866 8.36902e-05 0.000108097 0.000241165 1
1754884857.315409 0.0118366 0.0169115 -0.00126866 8.36902e-05 0.000108097 0.000241165 1
1754884857.415411 0.0118366 0.0169115 -0.00126866 8.36902e-05 0.000108097 0.000241165 1
1754884857.515417 0.0118366 0.0169115 -0.00126866 8.36902e-05 0.000108097 0.000241165 1
1754884857.615334 0.0118366 0.0169115 -0.00126866 8.36902e-05 0.000108097 0.000241165 1
1754884857.715359 0.0118366 0.0169115 -0.00126866 8.36902e-05 0.000108097 0.000241165 1
1754884857.815370 0.0118366 0.0169115 -0.00126866 8.36902e-05 0.000108097 0.000241165 1
1754884857.915274 0.0118366 0.0169115 -0.00126866 8.36902e-05 0.000108097 0.000241165 1
1754884858.015397 0.0118366 0.0169115 -0.00126866 8.36902e-05 0.000108097 0.000241165 1
1754884858.115395 0.0118366 0.0169115 -0.00126866 8.36902e-05 0.000108097 0.000241165 1
1754884858.215280 0.0118366 0.0169115 -0.00126866 8.36902e-05 0.000108097 0.000241165 1
1754884858.315391 0.0118366 0.0169115 -0.00126866 8.36902e-05 0.000108097 0.000241165 1
1754884858.415380 0.0118366 0.0169115 -0.00126866 8.36902e-05 0.000108097 0.000241165 1
1754884858.515361 0.0118366 0.0169115 -0.00126866 8.36902e-05 0.000108097 0.000241165 1
1754884858.615350 0.0118366 0.0169115 -0.00126866 8.36902e-05 0.000108097 0.000241165 1
1754884858.715322 0.0118366 0.0169115 -0.00126866 8.36902e-05 0.000108097 0.000241165 1
1754884858.815382 0.0118366 0.0169115 -0.00126866 8.36902e-05 0.000108097 0.000241165 1
1754884858.915310 0.0118366 0.0169115 -0.00126866 8.36902e-05 0.000108097 0.000241165 1
1754884859.015293 0.0118366 0.0169115 -0.00126866 8.36902e-05 0.000108097 0.000241165 1
1754884859.115472 0.0118366 0.0169115 -0.00126866 8.36902e-05 0.000108097 0.000241165 1
1754884859.215307 0.0118366 0.0169115 -0.00126866 8.36902e-05 0.000108097 0.000241165 1
1754884859.315410 0.0118366 0.0169115 -0.00126866 8.36902e-05 0.000108097 0.000241165 1
1754884859.415265 0.0118366 0.0169115 -0.00126866 8.36902e-05 0.000108097 0.000241165 1
1754884859.515273 0.0118366 0.0169115 -0.00126866 8.36902e-05 0.000108097 0.000241165 1
1754884859.615266 0.0118366 0.0169115 -0.00126866 8.36902e-05 0.000108097 0.000241165 1
1754884859.715318 0.0118366 0.0169115 -0.00126866 8.36902e-05 0.000108097 0.000241165 1
1754884859.815266 0.0118366 0.0169115 -0.00126866 8.36902e-05 0.000108097 0.000241165 1
1754884859.915280 0.0118366 0.0169115 -0.00126866 8.36902e-05 0.000108097 0.000241165 1
1754884860.015300 0.0118366 0.0169115 -0.00126866 8.36902e-05 0.000108097 0.000241165 1
1754884860.115247 0.0118366 0.0169115 -0.00126866 8.36902e-05 0.000108097 0.000241165 1
1754884860.215294 0.0118366 0.0169115 -0.00126866 8.36902e-05 0.000108097 0.000241165 1
1754884860.315292 0.0118366 0.0169115 -0.00126866 8.36902e-05 0.000108097 0.000241165 1
1754884860.415304 0.0118366 0.0169115 -0.00126866 8.36902e-05 0.000108097 0.000241165 1
1754884860.515263 0.0118366 0.0169115 -0.00126866 8.36902e-05 0.000108097 0.000241165 1
1754884860.615192 0.0118366 0.0169115 -0.00126866 8.36902e-05 0.000108097 0.000241165 1
1754884860.715163 0.0118366 0.0169115 -0.00126866 8.36902e-05 0.000108097 0.000241165 1
1754884860.815160 0.0118366 0.0169115 -0.00126866 8.36902e-05 0.000108097 0.000241165 1
1754884860.915265 0.0118366 0.0169115 -0.00126866 8.36902e-05 0.000108097 0.000241165 1
1754884861.015149 0.0118366 0.0169115 -0.00126866 8.36902e-05 0.000108097 0.000241165 1
1754884861.115173 0.0118366 0.0169115 -0.00126866 8.36902e-05 0.000108097 0.000241165 1
1754884861.215175 0.0118366 0.0169115 -0.00126866 8.36902e-05 0.000108097 0.000241165 1
1754884861.315176 0.0118366 0.0169115 -0.00126866 8.36902e-05 0.000108097 0.000241165 1
1754884861.415237 0.0118366 0.0169115 -0.00126866 8.36902e-05 0.000108097 0.000241165 1
1754884861.515113 0.0118366 0.0169115 -0.00126866 8.36902e-05 0.000108097 0.000241165 1
1754884861.615131 0.0118366 0.0169115 -0.00126866 8.36902e-05 0.000108097 0.000241165 1
1754884861.715198 0.0118366 0.0169115 -0.00126866 8.36902e-05 0.000108097 0.000241165 1
1754884861.815199 0.0118366 0.0169115 -0.00126866 8.36902e-05 0.000108097 0.000241165 1
1754884861.915191 0.0118366 0.0169115 -0.00126866 8.36902e-05 0.000108097 0.000241165 1
1754884862.015147 0.0118366 0.0169115 -0.00126866 8.36902e-05 0.000108097 0.000241165 1
1754884862.115176 0.0118366 0.0169115 -0.00126866 8.36902e-05 0.000108097 0.000241165 1
1754884862.215101 0.0118366 0.0169115 -0.00126866 8.36902e-05 0.000108097 0.000241165 1
1754884862.315124 0.0118366 0.0169115 -0.00126866 8.36902e-05 0.000108097 0.000241165 1
1754884862.415138 0.0118366 0.0169115 -0.00126866 8.36902e-05 0.000108097 0.000241165 1
1754884862.515008 0.0118366 0.0169115 -0.00126866 8.36902e-05 0.000108097 0.000241165 1
1754884862.615139 0.0118366 0.0169115 -0.00126866 8.36902e-05 0.000108097 0.000241165 1
1754884862.715121 0.0118366 0.0169115 -0.00126866 8.36902e-05 0.000108097 0.000241165 1
1754884862.815043 0.0118366 0.0169115 -0.00126866 8.36902e-05 0.000108097 0.000241165 1
1754884862.915100 0.0118366 0.0169115 -0.00126866 8.36902e-05 0.000108097 0.000241165 1
1754884863.015089 0.0118366 0.0169115 -0.00126866 8.36902e-05 0.000108097 0.000241165 1
1754884863.115016 0.0118366 0.0169115 -0.00126866 8.36902e-05 0.000108097 0.000241165 1
1754884863.215041 0.0118366 0.0169115 -0.00126866 8.36902e-05 0.000108097 0.000241165 1
1754884863.315044 0.0118366 0.0169115 -0.00126866 8.36902e-05 0.000108097 0.000241165 1
1754884863.414994 0.0118366 0.0169115 -0.00126866 8.36902e-05 0.000108097 0.000241165 1
1754884863.514989 0.0118366 0.0169115 -0.00126866 8.36902e-05 0.000108097 0.000241165 1
1754884863.615029 0.0118366 0.0169115 -0.00126866 8.36902e-05 0.000108097 0.000241165 1
1754884863.715028 0.0118366 0.0169115 -0.00126866 8.36902e-05 0.000108097 0.000241165 1
1754884863.815018 0.0118366 0.0169115 -0.00126866 8.36902e-05 0.000108097 0.000241165 1
1754884863.914964 0.0118366 0.0169115 -0.00126866 8.36902e-05 0.000108097 0.000241165 1
1754884864.014986 0.0118366 0.0169115 -0.00126866 8.36902e-05 0.000108097 0.000241165 1
1754884864.114944 0.0118366 0.0169115 -0.00126866 8.36902e-05 0.000108097 0.000241165 1
1754884864.214957 0.0118366 0.0169115 -0.00126866 8.36902e-05 0.000108097 0.000241165 1
1754884864.315003 0.0118366 0.0169115 -0.00126866 8.36902e-05 0.000108097 0.000241165 1
1754884864.414943 0.0118366 0.0169115 -0.00126866 8.36902e-05 0.000108097 0.000241165 1
1754884864.514922 0.0118366 0.0169115 -0.00126866 8.36902e-05 0.000108097 0.000241165 1
1754884864.614953 0.0118366 0.0169115 -0.00126866 8.36902e-05 0.000108097 0.000241165 1
1754884864.714959 0.0118366 0.0169115 -0.00126866 8.36902e-05 0.000108097 0.000241165 1
1754884864.814951 0.0118366 0.0169115 -0.00126866 8.36902e-05 0.000108097 0.000241165 1
1754884864.914954 0.0118366 0.0169115 -0.00126866 8.36902e-05 0.000108097 0.000241165 1
1754884865.014885 0.0118366 0.0169115 -0.00126866 8.36902e-05 0.000108097 0.000241165 1
1754884865.116235 0.0118366 0.0169115 -0.00126866 8.36902e-05 0.000108097 0.000241165 1
1754884865.216199 0.0118366 0.0169115 -0.00126866 8.36902e-05 0.000108097 0.000241165 1
1754884865.316222 0.0118366 0.0169115 -0.00126866 8.36902e-05 0.000108097 0.000241165 1
1754884865.416194 0.0118366 0.0169115 -0.00126866 8.36902e-05 0.000108097 0.000241165 1
1754884865.516205 0.0118366 0.0169115 -0.00126866 8.36902e-05 0.000108097 0.000241165 1
1754884865.616238 0.0118366 0.0169115 -0.00126866 8.36902e-05 0.000108097 0.000241165 1
1754884865.714872 0.0118366 0.0169115 -0.00126866 8.36902e-05 0.000108097 0.000241165 1
1754884865.816173 0.0118366 0.0169115 -0.00126866 8.36902e-05 0.000108097 0.000241165 1
1754884865.916152 0.0118366 0.0169115 -0.00126866 8.36902e-05 0.000108097 0.000241165 1
1754884866.016117 0.0118366 0.0169115 -0.00126866 8.36902e-05 0.000108097 0.000241165 1
1754884866.116188 0.0118366 0.0169115 -0.00126866 8.36902e-05 0.000108097 0.000241165 1
1754884866.216154 0.0118366 0.0169115 -0.00126866 8.36902e-05 0.000108097 0.000241165 1
1754884866.316198 0.0118366 0.0169115 -0.00126866 8.36902e-05 0.000108097 0.000241165 1
1754884866.416127 0.0118366 0.0169115 -0.00126866 8.36902e-05 0.000108097 0.000241165 1
1754884866.516268 0.0118366 0.0169115 -0.00126866 8.36902e-05 0.000108097 0.000241165 1
1754884866.616126 0.0118366 0.0169115 -0.00126866 8.36902e-05 0.000108097 0.000241165 1
1754884866.716111 0.0118366 0.0169115 -0.00126866 8.36902e-05 0.000108097 0.000241165 1
1754884866.814790 0.0118366 0.0169115 -0.00126866 8.36902e-05 0.000108097 0.000241165 1
1754884866.916082 0.0118366 0.0169115 -0.00126866 8.36902e-05 0.000108097 0.000241165 1
1754884867.016063 0.0118366 0.0169115 -0.00126866 8.36902e-05 0.000108097 0.000241165 1
1754884867.116000 0.0118366 0.0169115 -0.00126866 8.36902e-05 0.000108097 0.000241165 1
1754884867.216018 0.0118366 0.0169115 -0.00126866 8.36902e-05 0.000108097 0.000241165 1
1754884867.316129 0.0118366 0.0169115 -0.00126866 8.36902e-05 0.000108097 0.000241165 1
1754884867.416116 0.0118366 0.0169115 -0.00126866 8.36902e-05 0.000108097 0.000241165 1
1754884867.514691 0.0118366 0.0169115 -0.00126866 8.36902e-05 0.000108097 0.000241165 1
1754884867.614774 0.0118366 0.0169115 -0.00126866 8.36902e-05 0.000108097 0.000241165 1
1754884867.714718 0.0118366 0.0169115 -0.00126866 8.36902e-05 0.000108097 0.000241165 1
1754884867.816079 0.0118366 0.0169115 -0.00126866 8.36902e-05 0.000108097 0.000241165 1
1754884867.914730 0.0118366 0.0169115 -0.00126866 8.36902e-05 0.000108097 0.000241165 1
1754884868.014721 0.0118366 0.0169115 -0.00126866 8.36902e-05 0.000108097 0.000241165 1
1754884868.114850 0.0118366 0.0169115 -0.00126866 8.36902e-05 0.000108097 0.000241165 1
1754884868.214733 0.0118366 0.0169115 -0.00126866 8.36902e-05 0.000108097 0.000241165 1
1754884868.314681 0.0118366 0.0169115 -0.00126866 8.36902e-05 0.000108097 0.000241165 1
1754884868.414674 0.0118366 0.0169115 -0.00126866 8.36902e-05 0.000108097 0.000241165 1
1754884868.514669 0.0118366 0.0169115 -0.00126866 8.36902e-05 0.000108097 0.000241165 1
1754884868.614583 0.0118366 0.0169115 -0.00126866 8.36902e-05 0.000108097 0.000241165 1
1754884868.714658 0.0118366 0.0169115 -0.00126866 8.36902e-05 0.000108097 0.000241165 1
1754884868.816021 0.0118366 0.0169115 -0.00126866 8.36902e-05 0.000108097 0.000241165 1
1754884868.915995 0.0118366 0.0169115 -0.00126866 8.36902e-05 0.000108097 0.000241165 1
1754884869.015930 0.0118366 0.0169115 -0.00126866 8.36902e-05 0.000108097 0.000241165 1
1754884869.115987 0.0118366 0.0169115 -0.00126866 8.36902e-05 0.000108097 0.000241165 1
1754884869.215882 0.0118366 0.0169115 -0.00126866 8.36902e-05 0.000108097 0.000241165 1
1754884869.315957 0.0118366 0.0169115 -0.00126866 8.36902e-05 0.000108097 0.000241165 1
1754884869.415987 0.0118366 0.0169115 -0.00126866 8.36902e-05 0.000108097 0.000241165 1
1754884869.515935 0.0118366 0.0169115 -0.00126866 8.36902e-05 0.000108097 0.000241165 1
1754884869.615938 0.0118366 0.0169115 -0.00126866 8.36902e-05 0.000108097 0.000241165 1
1754884869.715932 0.0118366 0.0169115 -0.00126866 8.36902e-05 0.000108097 0.000241165 1
1754884869.815968 0.0118366 0.0169115 -0.00126866 8.36902e-05 0.000108097 0.000241165 1
1754884869.915961 0.0118366 0.0169115 -0.00126866 8.36902e-05 0.000108097 0.000241165 1
1754884870.015951 0.0118366 0.0169115 -0.00126866 8.36902e-05 0.000108097 0.000241165 1
1754884870.115960 0.0118366 0.0169115 -0.00126866 8.36902e-05 0.000108097 0.000241165 1
1754884870.215905 0.0118366 0.0169115 -0.00126866 8.36902e-05 0.000108097 0.000241165 1
1754884870.315887 0.0118366 0.0169115 -0.00126866 8.36902e-05 0.000108097 0.000241165 1
1754884870.415917 0.0118366 0.0169115 -0.00126866 8.36902e-05 0.000108097 0.000241165 1
1754884870.515944 0.0118366 0.0169115 -0.00126866 8.36902e-05 0.000108097 0.000241165 1
1754884870.615900 0.0118366 0.0169115 -0.00126866 8.36902e-05 0.000108097 0.000241165 1
1754884870.715876 0.0118366 0.0169115 -0.00126866 8.36902e-05 0.000108097 0.000241165 1
1754884870.815931 0.0118366 0.0169115 -0.00126866 8.36902e-05 0.000108097 0.000241165 1
1754884870.915793 0.0118366 0.0169115 -0.00126866 8.36902e-05 0.000108097 0.000241165 1
1754884871.015899 0.0118366 0.0169115 -0.00126866 8.36902e-05 0.000108097 0.000241165 1
1754884871.115899 0.0118366 0.0169115 -0.00126866 8.36902e-05 0.000108097 0.000241165 1
1754884871.215902 0.0118366 0.0169115 -0.00126866 8.36902e-05 0.000108097 0.000241165 1
1754884871.315860 0.0118366 0.0169115 -0.00126866 8.36902e-05 0.000108097 0.000241165 1
1754884871.415858 0.0118366 0.0169115 -0.00126866 8.36902e-05 0.000108097 0.000241165 1
1754884871.515880 0.0118366 0.0169115 -0.00126866 8.36902e-05 0.000108097 0.000241165 1
1754884871.615790 0.0118366 0.0169115 -0.00126866 8.36902e-05 0.000108097 0.000241165 1
1754884871.715839 0.0118366 0.0169115 -0.00126866 8.36902e-05 0.000108097 0.000241165 1
1754884871.815756 0.0118366 0.0169115 -0.00126866 8.36902e-05 0.000108097 0.000241165 1
1754884871.915786 0.0118366 0.0169115 -0.00126866 8.36902e-05 0.000108097 0.000241165 1
1754884872.015844 0.0118366 0.0169115 -0.00126866 8.36902e-05 0.000108097 0.000241165 1
1754884872.115830 0.0118366 0.0169115 -0.00126866 8.36902e-05 0.000108097 0.000241165 1
1754884872.215821 0.0118366 0.0169115 -0.00126866 8.36902e-05 0.000108097 0.000241165 1
1754884872.315768 0.0118366 0.0169115 -0.00126866 8.36902e-05 0.000108097 0.000241165 1
1754884872.415746 0.0118366 0.0169115 -0.00126866 8.36902e-05 0.000108097 0.000241165 1
1754884872.515748 0.0118366 0.0169115 -0.00126866 8.36902e-05 0.000108097 0.000241165 1
1754884872.615740 0.0118366 0.0169115 -0.00126866 8.36902e-05 0.000108097 0.000241165 1
1754884872.715703 0.0118366 0.0169115 -0.00126866 8.36902e-05 0.000108097 0.000241165 1
1754884872.815744 0.0118366 0.0169115 -0.00126866 8.36902e-05 0.000108097 0.000241165 1
1754884872.915735 0.0118366 0.0169115 -0.00126866 8.36902e-05 0.000108097 0.000241165 1
1754884873.015760 0.0118366 0.0169115 -0.00126866 8.36902e-05 0.000108097 0.000241165 1
1754884873.115742 0.0118366 0.0169115 -0.00126866 8.36902e-05 0.000108097 0.000241165 1
1754884873.215712 0.0118366 0.0169115 -0.00126866 8.36902e-05 0.000108097 0.000241165 1
1754884873.315729 0.0118366 0.0169115 -0.00126866 8.36902e-05 0.000108097 0.000241165 1
1754884873.415669 0.0118366 0.0169115 -0.00126866 8.36902e-05 0.000108097 0.000241165 1
1754884873.515670 0.0118366 0.0169115 -0.00126866 8.36902e-05 0.000108097 0.000241165 1
1754884873.615755 0.0118366 0.0169115 -0.00126866 8.36902e-05 0.000108097 0.000241165 1
1754884873.715688 0.0118366 0.0169115 -0.00126866 8.36902e-05 0.000108097 0.000241165 1
1754884873.815614 0.0118366 0.0169115 -0.00126866 8.36902e-05 0.000108097 0.000241165 1
1754884873.915686 0.0118366 0.0169115 -0.00126866 8.36902e-05 0.000108097 0.000241165 1
1754884874.015692 0.0118366 0.0169115 -0.00126866 8.36902e-05 0.000108097 0.000241165 1
1754884874.115632 0.0118366 0.0169115 -0.00126866 8.36902e-05 0.000108097 0.000241165 1
1754884874.215592 0.0118366 0.0169115 -0.00126866 8.36902e-05 0.000108097 0.000241165 1
1754884874.315597 0.0118366 0.0169115 -0.00126866 8.36902e-05 0.000108097 0.000241165 1
1754884874.415627 0.0118366 0.0169115 -0.00126866 8.36902e-05 0.000108097 0.000241165 1
1754884874.515646 0.0118366 0.0169115 -0.00126866 8.36902e-05 0.000108097 0.000241165 1
1754884874.615649 0.0118366 0.0169115 -0.00126866 8.36902e-05 0.000108097 0.000241165 1
1754884874.715648 0.0118366 0.0169115 -0.00126866 8.36902e-05 0.000108097 0.000241165 1
1754884874.815604 0.0118366 0.0169115 -0.00126866 8.36902e-05 0.000108097 0.000241165 1
1754884874.915627 0.0118366 0.0169115 -0.00126866 8.36902e-05 0.000108097 0.000241165 1
1754884875.015613 0.0118366 0.0169115 -0.00126866 8.36902e-05 0.000108097 0.000241165 1
1754884875.115557 0.0118366 0.0169115 -0.00126866 8.36902e-05 0.000108097 0.000241165 1
1754884875.215602 0.0118366 0.0169115 -0.00126866 8.36902e-05 0.000108097 0.000241165 1
1754884875.315596 0.0118366 0.0169115 -0.00126866 8.36902e-05 0.000108097 0.000241165 1
1754884875.415612 0.0118366 0.0169115 -0.00126866 8.36902e-05 0.000108097 0.000241165 1
1754884875.515534 0.0118366 0.0169115 -0.00126866 8.36902e-05 0.000108097 0.000241165 1
1754884875.615568 0.0118366 0.0169115 -0.00126866 8.36902e-05 0.000108097 0.000241165 1
1754884875.715564 0.0118366 0.0169115 -0.00126866 8.36902e-05 0.000108097 0.000241165 1
1754884875.815584 0.0118366 0.0169115 -0.00126866 8.36902e-05 0.000108097 0.000241165 1
1754884875.915495 0.0118366 0.0169115 -0.00126866 8.36902e-05 0.000108097 0.000241165 1
1754884876.015518 0.0118366 0.0169115 -0.00126866 8.36902e-05 0.000108097 0.000241165 1
1754884876.115500 0.0118366 0.0169115 -0.00126866 8.36902e-05 0.000108097 0.000241165 1
1754884876.215544 0.0118366 0.0169115 -0.00126866 8.36902e-05 0.000108097 0.000241165 1
1754884876.315542 0.0118366 0.0169115 -0.00126866 8.36902e-05 0.000108097 0.000241165 1
1754884876.415489 0.0118366 0.0169115 -0.00126866 8.36902e-05 0.000108097 0.000241165 1
1754884876.515525 0.0118366 0.0169115 -0.00126866 8.36902e-05 0.000108097 0.000241165 1
1754884876.615476 0.0118366 0.0169115 -0.00126866 8.36902e-05 0.000108097 0.000241165 1
1754884876.715479 0.0118366 0.0169115 -0.00126866 8.36902e-05 0.000108097 0.000241165 1
1754884876.815413 0.0118366 0.0169115 -0.00126866 8.36902e-05 0.000108097 0.000241165 1
1754884876.915501 0.0118366 0.0169115 -0.00126866 8.36902e-05 0.000108097 0.000241165 1
1754884877.015457 0.0118366 0.0169115 -0.00126866 8.36902e-05 0.000108097 0.000241165 1
1754884877.115492 0.0118366 0.0169115 -0.00126866 8.36902e-05 0.000108097 0.000241165 1
1754884877.215386 0.0118366 0.0169115 -0.00126866 8.36902e-05 0.000108097 0.000241165 1
1754884877.315432 0.0118366 0.0169115 -0.00126866 8.36902e-05 0.000108097 0.000241165 1
1754884877.415488 0.0118366 0.0169115 -0.00126866 8.36902e-05 0.000108097 0.000241165 1
1754884877.515438 0.0118366 0.0169115 -0.00126866 8.36902e-05 0.000108097 0.000241165 1
1754884877.615438 0.0118366 0.0169115 -0.00126866 8.36902e-05 0.000108097 0.000241165 1
1754884877.715398 0.0118366 0.0169115 -0.00126866 8.36902e-05 0.000108097 0.000241165 1
1754884877.815356 0.0118366 0.0169115 -0.00126866 8.36902e-05 0.000108097 0.000241165 1
1754884877.915401 0.0118366 0.0169115 -0.00126866 8.36902e-05 0.000108097 0.000241165 1
1754884878.015338 0.0118366 0.0169115 -0.00126866 8.36902e-05 0.000108097 0.000241165 1
1754884878.115319 0.0118366 0.0169115 -0.00126866 8.36902e-05 0.000108097 0.000241165 1
1754884878.215419 0.0118366 0.0169115 -0.00126866 8.36902e-05 0.000108097 0.000241165 1
1754884878.315304 0.0118366 0.0169115 -0.00126866 8.36902e-05 0.000108097 0.000241165 1
1754884878.415336 0.0118366 0.0169115 -0.00126866 8.36902e-05 0.000108097 0.000241165 1
1754884878.515382 0.0118366 0.0169115 -0.00126866 8.36902e-05 0.000108097 0.000241165 1
1754884878.615417 0.0118366 0.0169115 -0.00126866 8.36902e-05 0.000108097 0.000241165 1
1754884878.715341 0.0118366 0.0169115 -0.00126866 8.36902e-05 0.000108097 0.000241165 1
1754884878.815321 0.0118366 0.0169115 -0.00126866 8.36902e-05 0.000108097 0.000241165 1
1754884878.915427 0.0118366 0.0169115 -0.00126866 8.36902e-05 0.000108097 0.000241165 1
1754884879.015330 0.0118366 0.0169115 -0.00126866 8.36902e-05 0.000108097 0.000241165 1
1754884879.115424 0.0118366 0.0169115 -0.00126866 8.36902e-05 0.000108097 0.000241165 1
1754884879.215422 0.0118366 0.0169115 -0.00126866 8.36902e-05 0.000108097 0.000241165 1
1754884879.315455 0.0118366 0.0169115 -0.00126866 8.36902e-05 0.000108097 0.000241165 1
1754884879.415431 0.0118366 0.0169115 -0.00126866 8.36902e-05 0.000108097 0.000241165 1
1754884879.515358 0.0118366 0.0169115 -0.00126866 8.36902e-05 0.000108097 0.000241165 1
1754884879.615367 0.0118366 0.0169115 -0.00126866 8.36902e-05 0.000108097 0.000241165 1
1754884879.715396 0.0118366 0.0169115 -0.00126866 8.36902e-05 0.000108097 0.000241165 1
1754884879.815312 0.0118366 0.0169115 -0.00126866 8.36902e-05 0.000108097 0.000241165 1
1754884879.915290 0.0118366 0.0169115 -0.00126866 8.36902e-05 0.000108097 0.000241165 1
1754884880.015305 0.0118366 0.0169115 -0.00126866 8.36902e-05 0.000108097 0.000241165 1
1754884880.115370 0.0118366 0.0169115 -0.00126866 8.36902e-05 0.000108097 0.000241165 1
1754884880.215318 0.0118366 0.0169115 -0.00126866 8.36902e-05 0.000108097 0.000241165 1
1754884880.315265 0.0118366 0.0169115 -0.00126866 8.36902e-05 0.000108097 0.000241165 1
1754884880.415281 0.0118366 0.0169115 -0.00126866 8.36902e-05 0.000108097 0.000241165 1
1754884880.515286 0.0118366 0.0169115 -0.00126866 8.36902e-05 0.000108097 0.000241165 1
1754884880.615311 0.0118366 0.0169115 -0.00126866 8.36902e-05 0.000108097 0.000241165 1
1754884880.715294 0.0118366 0.0169115 -0.00126866 8.36902e-05 0.000108097 0.000241165 1
1754884880.815322 0.0118366 0.0169115 -0.00126866 8.36902e-05 0.000108097 0.000241165 1
1754884880.915419 0.0118366 0.0169115 -0.00126866 8.36902e-05 0.000108097 0.000241165 1
1754884881.015301 0.0118366 0.0169115 -0.00126866 8.36902e-05 0.000108097 0.000241165 1
1754884881.115240 0.0118366 0.0169115 -0.00126866 8.36902e-05 0.000108097 0.000241165 1
1754884881.215273 0.0118366 0.0169115 -0.00126866 8.36902e-05 0.000108097 0.000241165 1
1754884881.315259 0.0118366 0.0169115 -0.00126866 8.36902e-05 0.000108097 0.000241165 1
1754884881.415228 0.0118366 0.0169115 -0.00126866 8.36902e-05 0.000108097 0.000241165 1
1754884881.515234 0.0118366 0.0169115 -0.00126866 8.36902e-05 0.000108097 0.000241165 1
1754884881.615241 0.0118366 0.0169115 -0.00126866 8.36902e-05 0.000108097 0.000241165 1
1754884881.715225 0.0118366 0.0169115 -0.00126866 8.36902e-05 0.000108097 0.000241165 1
1754884881.815192 0.0118366 0.0169115 -0.00126866 8.36902e-05 0.000108097 0.000241165 1
1754884881.915345 0.0118366 0.0169115 -0.00126866 8.36902e-05 0.000108097 0.000241165 1
1754884882.015158 0.0118366 0.0169115 -0.00126866 8.36902e-05 0.000108097 0.000241165 1
1754884882.115134 0.0118366 0.0169115 -0.00126866 8.36902e-05 0.000108097 0.000241165 1
1754884882.215143 0.0118366 0.0169115 -0.00126866 8.36902e-05 0.000108097 0.000241165 1
1754884882.315128 0.0118366 0.0169115 -0.00126866 8.36902e-05 0.000108097 0.000241165 1
1754884882.415151 0.0118366 0.0169115 -0.00126866 8.36902e-05 0.000108097 0.000241165 1
1754884882.515160 0.0118366 0.0169115 -0.00126866 8.36902e-05 0.000108097 0.000241165 1
1754884882.615160 0.0118366 0.0169115 -0.00126866 8.36902e-05 0.000108097 0.000241165 1
1754884882.715143 0.0118366 0.0169115 -0.00126866 8.36902e-05 0.000108097 0.000241165 1
1754884882.815161 0.0118366 0.0169115 -0.00126866 8.36902e-05 0.000108097 0.000241165 1
1754884882.915142 0.0118366 0.0169115 -0.00126866 8.36902e-05 0.000108097 0.000241165 1
1754884883.015178 0.0118366 0.0169115 -0.00126866 8.36902e-05 0.000108097 0.000241165 1
1754884883.115124 0.0118366 0.0169115 -0.00126866 8.36902e-05 0.000108097 0.000241165 1
1754884883.215133 0.0118366 0.0169115 -0.00126866 8.36902e-05 0.000108097 0.000241165 1
1754884883.315095 0.0118366 0.0169115 -0.00126866 8.36902e-05 0.000108097 0.000241165 1
1754884883.415098 0.0118366 0.0169115 -0.00126866 8.36902e-05 0.000108097 0.000241165 1
1754884883.515086 0.0118366 0.0169115 -0.00126866 8.36902e-05 0.000108097 0.000241165 1
1754884883.615124 0.0118366 0.0169115 -0.00126866 8.36902e-05 0.000108097 0.000241165 1
1754884883.715035 0.0118366 0.0169115 -0.00126866 8.36902e-05 0.000108097 0.000241165 1
1754884883.815132 0.0118366 0.0169115 -0.00126866 8.36902e-05 0.000108097 0.000241165 1
1754884883.915038 0.0118366 0.0169115 -0.00126866 8.36902e-05 0.000108097 0.000241165 1
1754884884.014973 0.0118366 0.0169115 -0.00126866 8.36902e-05 0.000108097 0.000241165 1
1754884884.115085 0.0118366 0.0169115 -0.00126866 8.36902e-05 0.000108097 0.000241165 1
1754884884.215014 0.0118366 0.0169115 -0.00126866 8.36902e-05 0.000108097 0.000241165 1
1754884884.314984 0.0118366 0.0169115 -0.00126866 8.36902e-05 0.000108097 0.000241165 1
1754884884.415041 0.0118366 0.0169115 -0.00126866 8.36902e-05 0.000108097 0.000241165 1
1754884884.515028 0.0118366 0.0169115 -0.00126866 8.36902e-05 0.000108097 0.000241165 1
1754884884.615034 0.0118366 0.0169115 -0.00126866 8.36902e-05 0.000108097 0.000241165 1
1754884884.714975 0.0118366 0.0169115 -0.00126866 8.36902e-05 0.000108097 0.000241165 1
1754884884.814973 0.0118366 0.0169115 -0.00126866 8.36902e-05 0.000108097 0.000241165 1
1754884884.915004 0.0118366 0.0169115 -0.00126866 8.36902e-05 0.000108097 0.000241165 1
1754884885.014966 0.0118366 0.0169115 -0.00126866 8.36902e-05 0.000108097 0.000241165 1
1754884885.114945 0.0118366 0.0169115 -0.00126866 8.36902e-05 0.000108097 0.000241165 1
1754884885.214934 0.0118366 0.0169115 -0.00126866 8.36902e-05 0.000108097 0.000241165 1
1754884885.314988 0.0118366 0.0169115 -0.00126866 8.36902e-05 0.000108097 0.000241165 1
1754884885.414985 0.0118366 0.0169115 -0.00126866 8.36902e-05 0.000108097 0.000241165 1
1754884885.514918 0.0118366 0.0169115 -0.00126866 8.36902e-05 0.000108097 0.000241165 1
1754884885.614948 0.0118366 0.0169115 -0.00126866 8.36902e-05 0.000108097 0.000241165 1
1754884885.714908 0.0118366 0.0169115 -0.00126866 8.36902e-05 0.000108097 0.000241165 1
1754884885.814914 0.0118366 0.0169115 -0.00126866 8.36902e-05 0.000108097 0.000241165 1
1754884885.914913 0.0118366 0.0169115 -0.00126866 8.36902e-05 0.000108097 0.000241165 1
1754884886.014920 0.0118366 0.0169115 -0.00126866 8.36902e-05 0.000108097 0.000241165 1
1754884886.114912 0.0118366 0.0169115 -0.00126866 8.36902e-05 0.000108097 0.000241165 1
1754884886.214915 0.0118366 0.0169115 -0.00126866 8.36902e-05 0.000108097 0.000241165 1
1754884886.314872 0.0118366 0.0169115 -0.00126866 8.36902e-05 0.000108097 0.000241165 1
1754884886.414871 0.0118366 0.0169115 -0.00126866 8.36902e-05 0.000108097 0.000241165 1
1754884886.514920 0.0118366 0.0169115 -0.00126866 8.36902e-05 0.000108097 0.000241165 1
1754884886.614900 0.0118366 0.0169115 -0.00126866 8.36902e-05 0.000108097 0.000241165 1
1754884886.714896 0.0118366 0.0169115 -0.00126866 8.36902e-05 0.000108097 0.000241165 1
1754884886.814893 0.0118366 0.0169115 -0.00126866 8.36902e-05 0.000108097 0.000241165 1
1754884886.914834 0.0118366 0.0169115 -0.00126866 8.36902e-05 0.000108097 0.000241165 1
1754884887.014808 0.0118366 0.0169115 -0.00126866 8.36902e-05 0.000108097 0.000241165 1
1754884887.114873 0.0118366 0.0169115 -0.00126866 8.36902e-05 0.000108097 0.000241165 1
1754884887.216150 0.0118366 0.0169115 -0.00126866 8.36902e-05 0.000108097 0.000241165 1
1754884887.314807 0.0118366 0.0169115 -0.00126866 8.36902e-05 0.000108097 0.000241165 1
1754884887.414833 0.0118366 0.0169115 -0.00126866 8.36902e-05 0.000108097 0.000241165 1
1754884887.514802 0.0118366 0.0169115 -0.00126866 8.36902e-05 0.000108097 0.000241165 1
1754884887.616093 0.0118366 0.0169115 -0.00126866 8.36902e-05 0.000108097 0.000241165 1
1754884887.716139 0.0118366 0.0169115 -0.00126866 8.36902e-05 0.000108097 0.000241165 1
1754884887.816156 0.0118366 0.0169115 -0.00126866 8.36902e-05 0.000108097 0.000241165 1
1754884887.916127 0.0118366 0.0169115 -0.00126866 8.36902e-05 0.000108097 0.000241165 1
1754884888.016101 0.0118366 0.0169115 -0.00126866 8.36902e-05 0.000108097 0.000241165 1
1754884888.116071 0.0118366 0.0169115 -0.00126866 8.36902e-05 0.000108097 0.000241165 1
1754884888.214749 0.0118366 0.0169115 -0.00126866 8.36902e-05 0.000108097 0.000241165 1
1754884888.314761 0.0118366 0.0169115 -0.00126866 8.36902e-05 0.000108097 0.000241165 1
1754884888.416079 0.0118366 0.0169115 -0.00126866 8.36902e-05 0.000108097 0.000241165 1
1754884888.516107 0.0118366 0.0169115 -0.00126866 8.36902e-05 0.000108097 0.000241165 1
1754884888.616089 0.0118366 0.0169115 -0.00126866 8.36902e-05 0.000108097 0.000241165 1
1754884888.714733 0.0118366 0.0169115 -0.00126866 8.36902e-05 0.000108097 0.000241165 1
1754884888.814777 0.0118366 0.0169115 -0.00126866 8.36902e-05 0.000108097 0.000241165 1
1754884888.916038 0.0118366 0.0169115 -0.00126866 8.36902e-05 0.000108097 0.000241165 1
1754884889.015947 0.0118366 0.0169115 -0.00126866 8.36902e-05 0.000108097 0.000241165 1
1754884889.116120 0.0118366 0.0169115 -0.00126866 8.36902e-05 0.000108097 0.000241165 1
1754884889.216031 0.0118366 0.0169115 -0.00126866 8.36902e-05 0.000108097 0.000241165 1
1754884889.316027 0.0118366 0.0169115 -0.00126866 8.36902e-05 0.000108097 0.000241165 1
1754884889.416037 0.0118366 0.0169115 -0.00126866 8.36902e-05 0.000108097 0.000241165 1
1754884889.515991 0.0118366 0.0169115 -0.00126866 8.36902e-05 0.000108097 0.000241165 1
1754884889.615969 0.0118366 0.0169115 -0.00126866 8.36902e-05 0.000108097 0.000241165 1
1754884889.715995 0.0118366 0.0169115 -0.00126866 8.36902e-05 0.000108097 0.000241165 1
1754884889.816024 0.0118366 0.0169115 -0.00126866 8.36902e-05 0.000108097 0.000241165 1
1754884889.915947 0.0118366 0.0169115 -0.00126866 8.36902e-05 0.000108097 0.000241165 1
1754884890.015945 0.0118366 0.0169115 -0.00126866 8.36902e-05 0.000108097 0.000241165 1
1754884890.116000 0.0118366 0.0169115 -0.00126866 8.36902e-05 0.000108097 0.000241165 1
1754884890.215994 0.0118366 0.0169115 -0.00126866 8.36902e-05 0.000108097 0.000241165 1
1754884890.315920 0.0118366 0.0169115 -0.00126866 8.36902e-05 0.000108097 0.000241165 1
1754884890.415940 0.0118366 0.0169115 -0.00126866 8.36902e-05 0.000108097 0.000241165 1
1754884890.515936 0.0118366 0.0169115 -0.00126866 8.36902e-05 0.000108097 0.000241165 1
1754884890.615931 0.0118366 0.0169115 -0.00126866 8.36902e-05 0.000108097 0.000241165 1
1754884890.715947 0.0118366 0.0169115 -0.00126866 8.36902e-05 0.000108097 0.000241165 1
1754884890.815911 0.0118366 0.0169115 -0.00126866 8.36902e-05 0.000108097 0.000241165 1
1754884890.915889 0.0118366 0.0169115 -0.00126866 8.36902e-05 0.000108097 0.000241165 1
1754884891.015860 0.0118366 0.0169115 -0.00126866 8.36902e-05 0.000108097 0.000241165 1
1754884891.115965 0.0118366 0.0169115 -0.00126866 8.36902e-05 0.000108097 0.000241165 1
1754884891.215848 0.0118366 0.0169115 -0.00126866 8.36902e-05 0.000108097 0.000241165 1
1754884891.315875 0.0118366 0.0169115 -0.00126866 8.36902e-05 0.000108097 0.000241165 1
1754884891.415825 0.0118366 0.0169115 -0.00126866 8.36902e-05 0.000108097 0.000241165 1
1754884891.515844 0.0118366 0.0169115 -0.00126866 8.36902e-05 0.000108097 0.000241165 1
1754884891.615930 0.0118366 0.0169115 -0.00126866 8.36902e-05 0.000108097 0.000241165 1
1754884891.715867 0.0118366 0.0169115 -0.00126866 8.36902e-05 0.000108097 0.000241165 1
1754884891.815875 0.0118366 0.0169115 -0.00126866 8.36902e-05 0.000108097 0.000241165 1
1754884891.915912 0.0118366 0.0169115 -0.00126866 8.36902e-05 0.000108097 0.000241165 1
1754884892.015847 0.0118366 0.0169115 -0.00126866 8.36902e-05 0.000108097 0.000241165 1
1754884892.115806 0.0118366 0.0169115 -0.00126866 8.36902e-05 0.000108097 0.000241165 1
1754884892.215858 0.0118366 0.0169115 -0.00126866 8.36902e-05 0.000108097 0.000241165 1
1754884892.315794 0.0118366 0.0169115 -0.00126866 8.36902e-05 0.000108097 0.000241165 1
1754884892.415797 0.0118366 0.0169115 -0.00126866 8.36902e-05 0.000108097 0.000241165 1
1754884892.515871 0.0118366 0.0169115 -0.00126866 8.36902e-05 0.000108097 0.000241165 1
1754884892.615849 0.0118366 0.0169115 -0.00126866 8.36902e-05 0.000108097 0.000241165 1
1754884892.715797 0.0118366 0.0169115 -0.00126866 8.36902e-05 0.000108097 0.000241165 1
1754884892.815835 0.0118366 0.0169115 -0.00126866 8.36902e-05 0.000108097 0.000241165 1
1754884892.915816 0.0118366 0.0169115 -0.00126866 8.36902e-05 0.000108097 0.000241165 1
1754884893.015825 0.0118366 0.0169115 -0.00126866 8.36902e-05 0.000108097 0.000241165 1
1754884893.115755 0.0118366 0.0169115 -0.00126866 8.36902e-05 0.000108097 0.000241165 1
1754884893.215831 0.0118366 0.0169115 -0.00126866 8.36902e-05 0.000108097 0.000241165 1
1754884893.315810 0.0118366 0.0169115 -0.00126866 8.36902e-05 0.000108097 0.000241165 1
1754884893.415768 0.0118366 0.0169115 -0.00126866 8.36902e-05 0.000108097 0.000241165 1
1754884893.515747 0.0118366 0.0169115 -0.00126866 8.36902e-05 0.000108097 0.000241165 1
1754884893.615786 0.0118366 0.0169115 -0.00126866 8.36902e-05 0.000108097 0.000241165 1
1754884893.715705 0.0118366 0.0169115 -0.00126866 8.36902e-05 0.000108097 0.000241165 1
1754884893.815774 0.0118366 0.0169115 -0.00126866 8.36902e-05 0.000108097 0.000241165 1
1754884893.915752 0.0118366 0.0169115 -0.00126866 8.36902e-05 0.000108097 0.000241165 1
1754884894.015723 0.0118366 0.0169115 -0.00126866 8.36902e-05 0.000108097 0.000241165 1
1754884894.115721 0.0118366 0.0169115 -0.00126866 8.36902e-05 0.000108097 0.000241165 1
1754884894.215674 0.0118366 0.0169115 -0.00126866 8.36902e-05 0.000108097 0.000241165 1
1754884894.315691 0.00770766 0.0143019 -0.0252298 0.000455719 4.70337e-05 5.63745e-05 1
1754884894.415704 0.00683685 0.011547 -0.0187959 0.000292306 -0.000261218 0.000340095 1
1754884894.515772 0.00481261 0.0114388 -0.0060184 0.000161721 -4.86652e-05 0.00105753 0.999999
1754884894.615677 0.0072722 0.0112727 0.00439063 -9.34997e-06 0.00028328 0.0018988 0.999998
1754884894.715713 0.0230489 0.0114084 0.00710407 0.000212481 0.000184277 0.00082224 1
1754884894.815677 0.0503108 0.0159284 0.00691505 -4.05582e-05 0.00014761 -0.000298385 1
1754884894.915690 0.0768264 0.0124087 0.00655325 -2.74893e-06 0.000242738 -0.000122654 1
1754884895.015650 0.0979211 0.00963537 0.00322945 -5.37361e-05 -0.000193109 -0.000948512 1
1754884895.115638 0.114117 0.00615695 0.00134704 3.88934e-05 -0.000309324 -0.000423557 1
1754884895.215612 0.121942 0.00776384 0.00347876 -7.46273e-05 -0.000260238 -0.000865065 1
1754884895.315668 0.130357 0.0141788 0.00468408 -0.000136441 -0.000395785 -0.000642971 1
1754884895.415664 0.144558 0.020351 0.00468892 -0.000283511 -0.000898147 0.000433294 0.999999
1754884895.515654 0.168922 0.0195617 0.0135682 0.000258125 0.000183441 0.00193426 0.999998
1754884895.615571 0.206495 0.0187149 0.0144545 -0.000637581 -0.000713662 0.00200139 0.999998
1754884895.715524 0.264957 0.0184303 0.0179779 0.000817517 0.000108113 -0.000184042 1
1754884895.815605 0.327898 0.0190679 0.0193328 0.000294575 -0.000110695 -0.000925043 1
1754884895.915578 0.386379 0.0119099 0.018126 -3.73357e-05 -0.000525019 -0.00172478 0.999998
1754884896.015628 0.437607 0.00532381 0.0114968 -0.000126666 -0.00104969 -0.00212882 0.999997
1754884896.115517 0.487057 0.00442557 0.0148362 -0.000360985 -0.00106663 -0.00297955 0.999995
1754884896.215629 0.533684 0.00420136 0.025278 -4.44401e-05 -0.000596983 -0.00267362 0.999996
1754884896.315614 0.569362 0.00222454 0.0202601 4.38846e-05 -0.00162295 -0.0036294 0.999992
1754884896.415543 0.610525 0.00734889 0.0235533 0.000101549 -0.000797441 -0.00355923 0.999993
1754884896.515563 0.654573 0.00431072 0.0258672 -0.000255448 -0.00155029 -0.00262733 0.999995
1754884896.615587 0.697772 -0.00276719 0.0251092 -0.000224781 -0.00144583 -0.00141545 0.999998
1754884896.715584 0.755647 0.00338207 0.0272436 0.000303466 -0.00104617 -0.00271147 0.999996
1754884896.815521 0.821775 0.0033171 0.0315174 0.000206546 -0.00101255 -0.00413036 0.999991
1754884896.915591 0.884717 -0.000723247 0.0326198 1.3211e-05 -0.00126546 -0.00441688 0.999989
1754884897.015548 0.948014 -0.00590782 0.0361698 -0.000354601 -0.00119754 -0.00441059 0.999989
1754884897.115508 1.00582 -0.00594513 0.0313654 -4.98481e-05 -0.00199131 -0.00530975 0.999984
1754884897.215535 1.05633 -0.00542498 0.0270359 -0.000191914 -0.00224879 -0.00556517 0.999982
1754884897.315489 1.10807 -0.00288239 0.0302309 -0.000570825 -0.00230829 -0.0060006 0.999979
1754884897.415548 1.16692 7.28326e-05 0.0342512 -9.99203e-05 -0.0021852 -0.00637404 0.999977
1754884897.515541 1.22163 0.00334059 0.0373977 -6.46236e-05 -0.00169577 -0.00691838 0.999975
1754884897.615467 1.28356 0.00162843 0.0334848 -0.000610582 -0.00211592 -0.00802209 0.999965
1754884897.715459 1.34958 -0.00116801 0.0285324 -4.3973e-06 -0.00189927 -0.00814365 0.999965
1754884897.815475 1.40689 -0.00381711 0.0247952 0.000622176 -0.00222166 -0.00897378 0.999957
1754884897.915453 1.47564 -0.00381132 0.0189729 -0.00012927 -0.00299928 -0.00924478 0.999953
1754884898.015452 1.53875 -0.00407968 0.0180315 -4.15459e-05 -0.00280306 -0.00981535 0.999948
1754884898.115511 1.59468 -0.0026707 0.026004 -0.00026074 -0.00258114 -0.00996107 0.999947
1754884898.215418 1.6443 -0.00762947 0.0351035 0.000233839 -0.00242111 -0.010188 0.999945
1754884898.315503 1.69841 -0.0148008 0.0397867 -0.00035082 -0.00238229 -0.0105844 0.999941
1754884898.415501 1.75561 -0.0213506 0.0357071 -0.000362351 -0.00310557 -0.0105528 0.999939
1754884898.515390 1.81305 -0.0234594 0.0332177 0.00026863 -0.00346783 -0.0108994 0.999935
1754884898.615431 1.87409 -0.0234641 0.0345033 -0.000537257 -0.0038267 -0.0112042 0.99993
1754884898.715415 1.93365 -0.0239081 0.0339956 -0.00015742 -0.0039231 -0.0110133 0.999932
1754884898.815383 1.99737 -0.0237211 0.0375455 0.000339043 -0.00316124 -0.0124662 0.999917
1754884898.915381 2.05967 -0.0191177 0.0413201 -0.000120276 -0.00358766 -0.0127262 0.999913
1754884899.015416 2.1176 -0.0214901 0.0433632 0.000257893 -0.00338851 -0.0137792 0.999899
1754884899.115396 2.18447 -0.0272968 0.0414991 -0.000603927 -0.00329829 -0.0133982 0.999905
1754884899.215406 2.24911 -0.0394454 0.0358522 -9.68587e-05 -0.00335202 -0.0139141 0.999898
1754884899.315379 2.31353 -0.0443135 0.0262182 0.000177229 -0.0035923 -0.0142179 0.999892
1754884899.415300 2.36246 -0.046032 0.0286513 5.87916e-05 -0.00416393 -0.0147114 0.999883
1754884899.515371 2.42334 -0.0463059 0.0368301 -0.000141406 -0.00430945 -0.015244 0.999875
1754884899.615361 2.49116 -0.0480094 0.0342688 -7.03791e-05 -0.00450329 -0.0152924 0.999873
1754884899.715367 2.54363 -0.0477649 0.0455456 -4.65349e-05 -0.00380322 -0.0159616 0.999865
1754884899.815334 2.59847 -0.0502689 0.046843 0.000407718 -0.00367196 -0.0160312 0.999865
1754884899.915395 2.64323 -0.0564142 0.0440392 -0.00014546 -0.00430234 -0.0167865 0.99985
1754884900.015281 2.70873 -0.0671588 0.0374789 0.000192744 -0.00448287 -0.01683 0.999848
1754884900.115253 2.77571 -0.0774518 0.0348156 0.000176119 -0.0048078 -0.0172856 0.999839
1754884900.215294 2.82401 -0.0758278 0.0433919 -6.15533e-05 -0.00443378 -0.0178597 0.999831
1754884900.315310 2.8798 -0.0807929 0.0501179 6.38289e-05 -0.00516718 -0.0182252 0.999821
1754884900.415315 2.94696 -0.0763644 0.0486289 -0.000364022 -0.00486813 -0.0190615 0.999806
1754884900.515444 3.0069 -0.0764766 0.0509828 -0.000168663 -0.00507186 -0.019311 0.999801
1754884900.615378 3.06284 -0.0766 0.0507015 3.28481e-05 -0.00495194 -0.0196778 0.999794
1754884900.715400 3.11687 -0.0780094 0.0527505 3.03228e-05 -0.00492568 -0.0199551 0.999789
1754884900.815348 3.17416 -0.0860743 0.0561485 -0.000695885 -0.00527124 -0.0197349 0.999791
1754884900.915287 3.21471 -0.085279 0.0593761 -0.00038088 -0.00480976 -0.0207078 0.999774
1754884901.015331 3.23986 -0.0869162 0.0459038 -0.000137694 -0.00488897 -0.0211413 0.999765
1754884901.115345 3.25961 -0.0926526 0.0456709 -0.000106091 -0.00506694 -0.0211058 0.999764
1754884901.215328 3.27204 -0.0919967 0.0505247 1.17224e-05 -0.00505559 -0.0211021 0.999765
1754884901.315256 3.28587 -0.0904005 0.0520708 -0.00015944 -0.00543779 -0.020549 0.999774
1754884901.415246 3.28587 -0.0904005 0.0520708 -0.00015944 -0.00543779 -0.020549 0.999774
1754884901.515272 3.28587 -0.0904005 0.0520708 -0.00015944 -0.00543779 -0.020549 0.999774
1754884901.615276 3.28587 -0.0904005 0.0520708 -0.00015944 -0.00543779 -0.020549 0.999774
1754884901.715324 3.28587 -0.0904005 0.0520708 -0.00015944 -0.00543779 -0.020549 0.999774
1754884901.815241 3.28587 -0.0904005 0.0520708 -0.00015944 -0.00543779 -0.020549 0.999774
1754884901.915210 3.28587 -0.0904005 0.0520708 -0.00015944 -0.00543779 -0.020549 0.999774
1754884902.015217 3.28587 -0.0904005 0.0520708 -0.00015944 -0.00543779 -0.020549 0.999774
1754884902.115285 3.28587 -0.0904005 0.0520708 -0.00015944 -0.00543779 -0.020549 0.999774
1754884902.215243 3.28587 -0.0904005 0.0520708 -0.00015944 -0.00543779 -0.020549 0.999774
1754884902.315238 3.28587 -0.0904005 0.0520708 -0.00015944 -0.00543779 -0.020549 0.999774
1754884902.415236 3.28587 -0.0904005 0.0520708 -0.00015944 -0.00543779 -0.020549 0.999774
1754884902.515229 3.28587 -0.0904005 0.0520708 -0.00015944 -0.00543779 -0.020549 0.999774
1754884902.615223 3.28587 -0.0904005 0.0520708 -0.00015944 -0.00543779 -0.020549 0.999774
1754884902.715244 3.28587 -0.0904005 0.0520708 -0.00015944 -0.00543779 -0.020549 0.999774
1754884902.815241 3.28587 -0.0904005 0.0520708 -0.00015944 -0.00543779 -0.020549 0.999774
1754884902.915155 3.28587 -0.0904005 0.0520708 -0.00015944 -0.00543779 -0.020549 0.999774
1754884903.015237 3.28587 -0.0904005 0.0520708 -0.00015944 -0.00543779 -0.020549 0.999774
1754884903.115209 3.28587 -0.0904005 0.0520708 -0.00015944 -0.00543779 -0.020549 0.999774
1754884903.215233 3.28587 -0.0904005 0.0520708 -0.00015944 -0.00543779 -0.020549 0.999774
1754884903.315195 3.28587 -0.0904005 0.0520708 -0.00015944 -0.00543779 -0.020549 0.999774
1754884903.415145 3.28587 -0.0904005 0.0520708 -0.00015944 -0.00543779 -0.020549 0.999774
1754884903.515211 3.28587 -0.0904005 0.0520708 -0.00015944 -0.00543779 -0.020549 0.999774
1754884903.615222 3.28587 -0.0904005 0.0520708 -0.00015944 -0.00543779 -0.020549 0.999774
1754884903.715141 3.28587 -0.0904005 0.0520708 -0.00015944 -0.00543779 -0.020549 0.999774
1754884903.815172 3.28587 -0.0904005 0.0520708 -0.00015944 -0.00543779 -0.020549 0.999774
1754884903.915101 3.28587 -0.0904005 0.0520708 -0.00015944 -0.00543779 -0.020549 0.999774
1754884904.015003 3.28587 -0.0904005 0.0520708 -0.00015944 -0.00543779 -0.020549 0.999774
1754884904.115142 3.28587 -0.0904005 0.0520708 -0.00015944 -0.00543779 -0.020549 0.999774
1754884904.215139 3.28587 -0.0904005 0.0520708 -0.00015944 -0.00543779 -0.020549 0.999774
1754884904.315124 3.28587 -0.0904005 0.0520708 -0.00015944 -0.00543779 -0.020549 0.999774
1754884904.415075 3.28587 -0.0904005 0.0520708 -0.00015944 -0.00543779 -0.020549 0.999774
1754884904.515051 3.28587 -0.0904005 0.0520708 -0.00015944 -0.00543779 -0.020549 0.999774
1754884904.615099 3.28587 -0.0904005 0.0520708 -0.00015944 -0.00543779 -0.020549 0.999774
1754884904.715138 3.28587 -0.0904005 0.0520708 -0.00015944 -0.00543779 -0.020549 0.999774
1754884904.815041 3.28587 -0.0904005 0.0520708 -0.00015944 -0.00543779 -0.020549 0.999774
1754884904.915132 3.28587 -0.0904005 0.0520708 -0.00015944 -0.00543779 -0.020549 0.999774
1754884905.015024 3.28587 -0.0904005 0.0520708 -0.00015944 -0.00543779 -0.020549 0.999774
1754884905.115022 3.28587 -0.0904005 0.0520708 -0.00015944 -0.00543779 -0.020549 0.999774
1754884905.215053 3.28587 -0.0904005 0.0520708 -0.00015944 -0.00543779 -0.020549 0.999774
1754884905.315038 3.28587 -0.0904005 0.0520708 -0.00015944 -0.00543779 -0.020549 0.999774
1754884905.415015 3.28587 -0.0904005 0.0520708 -0.00015944 -0.00543779 -0.020549 0.999774
1754884905.515032 3.28587 -0.0904005 0.0520708 -0.00015944 -0.00543779 -0.020549 0.999774
1754884905.615027 3.28587 -0.0904005 0.0520708 -0.00015944 -0.00543779 -0.020549 0.999774
1754884905.715028 3.28587 -0.0904005 0.0520708 -0.00015944 -0.00543779 -0.020549 0.999774
1754884905.814926 3.28587 -0.0904005 0.0520708 -0.00015944 -0.00543779 -0.020549 0.999774
1754884905.914966 3.28587 -0.0904005 0.0520708 -0.00015944 -0.00543779 -0.020549 0.999774
1754884906.015022 3.28587 -0.0904005 0.0520708 -0.00015944 -0.00543779 -0.020549 0.999774
1754884906.114993 3.28587 -0.0904005 0.0520708 -0.00015944 -0.00543779 -0.020549 0.999774
1754884906.214949 3.28587 -0.0904005 0.0520708 -0.00015944 -0.00543779 -0.020549 0.999774
1754884906.314994 3.28587 -0.0904005 0.0520708 -0.00015944 -0.00543779 -0.020549 0.999774
1754884906.414958 3.28587 -0.0904005 0.0520708 -0.00015944 -0.00543779 -0.020549 0.999774
1754884906.514970 3.28587 -0.0904005 0.0520708 -0.00015944 -0.00543779 -0.020549 0.999774
1754884906.614965 3.28587 -0.0904005 0.0520708 -0.00015944 -0.00543779 -0.020549 0.999774
1754884906.714959 3.28587 -0.0904005 0.0520708 -0.00015944 -0.00543779 -0.020549 0.999774
1754884906.814951 3.28587 -0.0904005 0.0520708 -0.00015944 -0.00543779 -0.020549 0.999774
1754884906.914954 3.28587 -0.0904005 0.0520708 -0.00015944 -0.00543779 -0.020549 0.999774
1754884907.014941 3.28587 -0.0904005 0.0520708 -0.00015944 -0.00543779 -0.020549 0.999774
1754884907.114932 3.28587 -0.0904005 0.0520708 -0.00015944 -0.00543779 -0.020549 0.999774
1754884907.214918 3.28587 -0.0904005 0.0520708 -0.00015944 -0.00543779 -0.020549 0.999774
1754884907.314915 3.28587 -0.0904005 0.0520708 -0.00015944 -0.00543779 -0.020549 0.999774
1754884907.414892 3.28587 -0.0904005 0.0520708 -0.00015944 -0.00543779 -0.020549 0.999774
1754884907.514906 3.28587 -0.0904005 0.0520708 -0.00015944 -0.00543779 -0.020549 0.999774
1754884907.614893 3.28587 -0.0904005 0.0520708 -0.00015944 -0.00543779 -0.020549 0.999774
1754884907.714849 3.28587 -0.0904005 0.0520708 -0.00015944 -0.00543779 -0.020549 0.999774
1754884907.814833 3.28587 -0.0904005 0.0520708 -0.00015944 -0.00543779 -0.020549 0.999774
1754884907.914841 3.28587 -0.0904005 0.0520708 -0.00015944 -0.00543779 -0.020549 0.999774
1754884908.014876 3.28587 -0.0904005 0.0520708 -0.00015944 -0.00543779 -0.020549 0.999774
1754884908.114867 3.28587 -0.0904005 0.0520708 -0.00015944 -0.00543779 -0.020549 0.999774
1754884908.214869 3.28587 -0.0904005 0.0520708 -0.00015944 -0.00543779 -0.020549 0.999774
1754884908.314858 3.28587 -0.0904005 0.0520708 -0.00015944 -0.00543779 -0.020549 0.999774
1754884908.414854 3.28587 -0.0904005 0.0520708 -0.00015944 -0.00543779 -0.020549 0.999774
1754884908.514838 3.28587 -0.0904005 0.0520708 -0.00015944 -0.00543779 -0.020549 0.999774
1754884908.614830 3.28587 -0.0904005 0.0520708 -0.00015944 -0.00543779 -0.020549 0.999774
1754884908.714835 3.28587 -0.0904005 0.0520708 -0.00015944 -0.00543779 -0.020549 0.999774
1754884908.814824 3.28587 -0.0904005 0.0520708 -0.00015944 -0.00543779 -0.020549 0.999774
1754884908.914765 3.28587 -0.0904005 0.0520708 -0.00015944 -0.00543779 -0.020549 0.999774
1754884909.014808 3.28587 -0.0904005 0.0520708 -0.00015944 -0.00543779 -0.020549 0.999774
1754884909.114758 3.28587 -0.0904005 0.0520708 -0.00015944 -0.00543779 -0.020549 0.999774
1754884909.214794 3.28587 -0.0904005 0.0520708 -0.00015944 -0.00543779 -0.020549 0.999774
1754884909.314764 3.28587 -0.0904005 0.0520708 -0.00015944 -0.00543779 -0.020549 0.999774
1754884909.416127 3.28587 -0.0904005 0.0520708 -0.00015944 -0.00543779 -0.020549 0.999774
1754884909.516085 3.28587 -0.0904005 0.0520708 -0.00015944 -0.00543779 -0.020549 0.999774
1754884909.614685 3.28587 -0.0904005 0.0520708 -0.00015944 -0.00543779 -0.020549 0.999774
1754884909.714733 3.28587 -0.0904005 0.0520708 -0.00015944 -0.00543779 -0.020549 0.999774
1754884909.814792 3.28587 -0.0904005 0.0520708 -0.00015944 -0.00543779 -0.020549 0.999774
1754884909.916092 3.28587 -0.0904005 0.0520708 -0.00015944 -0.00543779 -0.020549 0.999774
1754884910.016078 3.28587 -0.0904005 0.0520708 -0.00015944 -0.00543779 -0.020549 0.999774
1754884910.116064 3.28587 -0.0904005 0.0520708 -0.00015944 -0.00543779 -0.020549 0.999774
1754884910.216039 3.28587 -0.0904005 0.0520708 -0.00015944 -0.00543779 -0.020549 0.999774
1754884910.316078 3.28587 -0.0904005 0.0520708 -0.00015944 -0.00543779 -0.020549 0.999774
1754884910.416194 3.28587 -0.0904005 0.0520708 -0.00015944 -0.00543779 -0.020549 0.999774
1754884910.516042 3.28587 -0.0904005 0.0520708 -0.00015944 -0.00543779 -0.020549 0.999774
1754884910.616001 3.28587 -0.0904005 0.0520708 -0.00015944 -0.00543779 -0.020549 0.999774
1754884910.716033 3.28587 -0.0904005 0.0520708 -0.00015944 -0.00543779 -0.020549 0.999774
1754884910.815999 3.28587 -0.0904005 0.0520708 -0.00015944 -0.00543779 -0.020549 0.999774
1754884910.916017 3.28587 -0.0904005 0.0520708 -0.00015944 -0.00543779 -0.020549 0.999774
1754884911.016021 3.28587 -0.0904005 0.0520708 -0.00015944 -0.00543779 -0.020549 0.999774
1754884911.116005 3.28587 -0.0904005 0.0520708 -0.00015944 -0.00543779 -0.020549 0.999774
1754884911.216011 3.28587 -0.0904005 0.0520708 -0.00015944 -0.00543779 -0.020549 0.999774
1754884911.315971 3.28587 -0.0904005 0.0520708 -0.00015944 -0.00543779 -0.020549 0.999774
1754884911.415986 3.28587 -0.0904005 0.0520708 -0.00015944 -0.00543779 -0.020549 0.999774
1754884911.515961 3.28587 -0.0904005 0.0520708 -0.00015944 -0.00543779 -0.020549 0.999774
1754884911.615933 3.28587 -0.0904005 0.0520708 -0.00015944 -0.00543779 -0.020549 0.999774
1754884911.715886 3.28587 -0.0904005 0.0520708 -0.00015944 -0.00543779 -0.020549 0.999774
1754884911.815893 3.28587 -0.0904005 0.0520708 -0.00015944 -0.00543779 -0.020549 0.999774
1754884911.915986 3.28587 -0.0904005 0.0520708 -0.00015944 -0.00543779 -0.020549 0.999774
1754884912.015975 3.28587 -0.0904005 0.0520708 -0.00015944 -0.00543779 -0.020549 0.999774
1754884912.116032 3.28587 -0.0904005 0.0520708 -0.00015944 -0.00543779 -0.020549 0.999774
1754884912.216142 3.28587 -0.0904005 0.0520708 -0.00015944 -0.00543779 -0.020549 0.999774
1754884912.315891 3.28587 -0.0904005 0.0520708 -0.00015944 -0.00543779 -0.020549 0.999774
1754884912.415939 3.28587 -0.0904005 0.0520708 -0.00015944 -0.00543779 -0.020549 0.999774
1754884912.515883 3.28587 -0.0904005 0.0520708 -0.00015944 -0.00543779 -0.020549 0.999774
1754884912.615868 3.28587 -0.0904005 0.0520708 -0.00015944 -0.00543779 -0.020549 0.999774
1754884912.716057 3.28587 -0.0904005 0.0520708 -0.00015944 -0.00543779 -0.020549 0.999774
1754884912.815864 3.28587 -0.0904005 0.0520708 -0.00015944 -0.00543779 -0.020549 0.999774
1754884912.915903 3.28587 -0.0904005 0.0520708 -0.00015944 -0.00543779 -0.020549 0.999774
1754884913.015896 3.28587 -0.0904005 0.0520708 -0.00015944 -0.00543779 -0.020549 0.999774
1754884913.115809 3.28587 -0.0904005 0.0520708 -0.00015944 -0.00543779 -0.020549 0.999774
1754884913.215835 3.28587 -0.0904005 0.0520708 -0.00015944 -0.00543779 -0.020549 0.999774
1754884913.315826 3.28587 -0.0904005 0.0520708 -0.00015944 -0.00543779 -0.020549 0.999774
1754884913.415874 3.28587 -0.0904005 0.0520708 -0.00015944 -0.00543779 -0.020549 0.999774
1754884913.515836 3.28587 -0.0904005 0.0520708 -0.00015944 -0.00543779 -0.020549 0.999774
1754884913.615823 3.28587 -0.0904005 0.0520708 -0.00015944 -0.00543779 -0.020549 0.999774
1754884913.715830 3.28587 -0.0904005 0.0520708 -0.00015944 -0.00543779 -0.020549 0.999774
1754884913.815782 3.28587 -0.0904005 0.0520708 -0.00015944 -0.00543779 -0.020549 0.999774
1754884913.915829 3.28587 -0.0904005 0.0520708 -0.00015944 -0.00543779 -0.020549 0.999774
1754884914.015829 3.28587 -0.0904005 0.0520708 -0.00015944 -0.00543779 -0.020549 0.999774
1754884914.115782 3.28587 -0.0904005 0.0520708 -0.00015944 -0.00543779 -0.020549 0.999774
1754884914.215767 3.28587 -0.0904005 0.0520708 -0.00015944 -0.00543779 -0.020549 0.999774
1754884914.315809 3.28587 -0.0904005 0.0520708 -0.00015944 -0.00543779 -0.020549 0.999774
1754884914.415742 3.28587 -0.0904005 0.0520708 -0.00015944 -0.00543779 -0.020549 0.999774
1754884914.515725 3.28587 -0.0904005 0.0520708 -0.00015944 -0.00543779 -0.020549 0.999774
1754884914.615816 3.28587 -0.0904005 0.0520708 -0.00015944 -0.00543779 -0.020549 0.999774
1754884914.715753 3.28587 -0.0904005 0.0520708 -0.00015944 -0.00543779 -0.020549 0.999774
1754884914.815738 3.28587 -0.0904005 0.0520708 -0.00015944 -0.00543779 -0.020549 0.999774
1754884914.915694 3.28587 -0.0904005 0.0520708 -0.00015944 -0.00543779 -0.020549 0.999774
1754884915.015702 3.28587 -0.0904005 0.0520708 -0.00015944 -0.00543779 -0.020549 0.999774
1754884915.115766 3.28587 -0.0904005 0.0520708 -0.00015944 -0.00543779 -0.020549 0.999774
1754884915.215739 3.28587 -0.0904005 0.0520708 -0.00015944 -0.00543779 -0.020549 0.999774
1754884915.315652 3.28587 -0.0904005 0.0520708 -0.00015944 -0.00543779 -0.020549 0.999774
1754884915.415744 3.28587 -0.0904005 0.0520708 -0.00015944 -0.00543779 -0.020549 0.999774
1754884915.515666 3.28587 -0.0904005 0.0520708 -0.00015944 -0.00543779 -0.020549 0.999774
1754884915.615663 3.28587 -0.0904005 0.0520708 -0.00015944 -0.00543779 -0.020549 0.999774
1754884915.715647 3.28587 -0.0904005 0.0520708 -0.00015944 -0.00543779 -0.020549 0.999774
1754884915.815731 3.28587 -0.0904005 0.0520708 -0.00015944 -0.00543779 -0.020549 0.999774
1754884915.915723 3.28587 -0.0904005 0.0520708 -0.00015944 -0.00543779 -0.020549 0.999774
1754884916.015681 3.28587 -0.0904005 0.0520708 -0.00015944 -0.00543779 -0.020549 0.999774
1754884916.115569 3.28587 -0.0904005 0.0520708 -0.00015944 -0.00543779 -0.020549 0.999774
1754884916.215646 3.28587 -0.0904005 0.0520708 -0.00015944 -0.00543779 -0.020549 0.999774
1754884916.315621 3.28587 -0.0904005 0.0520708 -0.00015944 -0.00543779 -0.020549 0.999774
1754884916.415672 3.28587 -0.0904005 0.0520708 -0.00015944 -0.00543779 -0.020549 0.999774
1754884916.515649 3.28587 -0.0904005 0.0520708 -0.00015944 -0.00543779 -0.020549 0.999774
1754884916.615600 3.28587 -0.0904005 0.0520708 -0.00015944 -0.00543779 -0.020549 0.999774
1754884916.715554 3.28587 -0.0904005 0.0520708 -0.00015944 -0.00543779 -0.020549 0.999774
1754884916.815575 3.28587 -0.0904005 0.0520708 -0.00015944 -0.00543779 -0.020549 0.999774
1754884916.915559 3.28587 -0.0904005 0.0520708 -0.00015944 -0.00543779 -0.020549 0.999774
1754884917.015560 3.28587 -0.0904005 0.0520708 -0.00015944 -0.00543779 -0.020549 0.999774
1754884917.115626 3.28587 -0.0904005 0.0520708 -0.00015944 -0.00543779 -0.020549 0.999774
1754884917.215555 3.28587 -0.0904005 0.0520708 -0.00015944 -0.00543779 -0.020549 0.999774
1754884917.315546 3.28587 -0.0904005 0.0520708 -0.00015944 -0.00543779 -0.020549 0.999774
1754884917.415606 3.28587 -0.0904005 0.0520708 -0.00015944 -0.00543779 -0.020549 0.999774
1754884917.515500 3.28587 -0.0904005 0.0520708 -0.00015944 -0.00543779 -0.020549 0.999774
1754884917.615540 3.28587 -0.0904005 0.0520708 -0.00015944 -0.00543779 -0.020549 0.999774
1754884917.715588 3.28587 -0.0904005 0.0520708 -0.00015944 -0.00543779 -0.020549 0.999774
1754884917.815543 3.28587 -0.0904005 0.0520708 -0.00015944 -0.00543779 -0.020549 0.999774
1754884917.915528 3.28587 -0.0904005 0.0520708 -0.00015944 -0.00543779 -0.020549 0.999774
1754884918.015497 3.28587 -0.0904005 0.0520708 -0.00015944 -0.00543779 -0.020549 0.999774
1754884918.115569 3.28587 -0.0904005 0.0520708 -0.00015944 -0.00543779 -0.020549 0.999774
1754884918.215532 3.28587 -0.0904005 0.0520708 -0.00015944 -0.00543779 -0.020549 0.999774
1754884918.315560 3.28587 -0.0904005 0.0520708 -0.00015944 -0.00543779 -0.020549 0.999774
1754884918.415496 3.28587 -0.0904005 0.0520708 -0.00015944 -0.00543779 -0.020549 0.999774
1754884918.515476 3.28587 -0.0904005 0.0520708 -0.00015944 -0.00543779 -0.020549 0.999774
1754884918.615464 3.28587 -0.0904005 0.0520708 -0.00015944 -0.00543779 -0.020549 0.999774
1754884918.715539 3.28587 -0.0904005 0.0520708 -0.00015944 -0.00543779 -0.020549 0.999774
1754884918.815487 3.28587 -0.0904005 0.0520708 -0.00015944 -0.00543779 -0.020549 0.999774
1754884918.915513 3.28587 -0.0904005 0.0520708 -0.00015944 -0.00543779 -0.020549 0.999774
1754884919.015508 3.28587 -0.0904005 0.0520708 -0.00015944 -0.00543779 -0.020549 0.999774
1754884919.115436 3.28587 -0.0904005 0.0520708 -0.00015944 -0.00543779 -0.020549 0.999774
1754884919.215414 3.28587 -0.0904005 0.0520708 -0.00015944 -0.00543779 -0.020549 0.999774
1754884919.315410 3.28587 -0.0904005 0.0520708 -0.00015944 -0.00543779 -0.020549 0.999774
1754884919.415407 3.28587 -0.0904005 0.0520708 -0.00015944 -0.00543779 -0.020549 0.999774
1754884919.515433 3.28587 -0.0904005 0.0520708 -0.00015944 -0.00543779 -0.020549 0.999774
1754884919.615479 3.28587 -0.0904005 0.0520708 -0.00015944 -0.00543779 -0.020549 0.999774
1754884919.715412 3.28587 -0.0904005 0.0520708 -0.00015944 -0.00543779 -0.020549 0.999774
1754884919.815360 3.28587 -0.0904005 0.0520708 -0.00015944 -0.00543779 -0.020549 0.999774
1754884919.915440 3.28587 -0.0904005 0.0520708 -0.00015944 -0.00543779 -0.020549 0.999774
1754884920.015417 3.28587 -0.0904005 0.0520708 -0.00015944 -0.00543779 -0.020549 0.999774
1754884920.115431 3.28587 -0.0904005 0.0520708 -0.00015944 -0.00543779 -0.020549 0.999774
1754884920.215379 3.28587 -0.0904005 0.0520708 -0.00015944 -0.00543779 -0.020549 0.999774
1754884920.315410 3.28587 -0.0904005 0.0520708 -0.00015944 -0.00543779 -0.020549 0.999774
1754884920.415389 3.28587 -0.0904005 0.0520708 -0.00015944 -0.00543779 -0.020549 0.999774
1754884920.515314 3.28587 -0.0904005 0.0520708 -0.00015944 -0.00543779 -0.020549 0.999774
1754884920.615383 3.28587 -0.0904005 0.0520708 -0.00015944 -0.00543779 -0.020549 0.999774
1754884920.715367 3.28587 -0.0904005 0.0520708 -0.00015944 -0.00543779 -0.020549 0.999774
1754884920.815337 3.28587 -0.0904005 0.0520708 -0.00015944 -0.00543779 -0.020549 0.999774
1754884920.915381 3.28587 -0.0904005 0.0520708 -0.00015944 -0.00543779 -0.020549 0.999774
1754884921.015299 3.28587 -0.0904005 0.0520708 -0.00015944 -0.00543779 -0.020549 0.999774
1754884921.115331 3.28587 -0.0904005 0.0520708 -0.00015944 -0.00543779 -0.020549 0.999774
1754884921.215392 3.28587 -0.0904005 0.0520708 -0.00015944 -0.00543779 -0.020549 0.999774
1754884921.315308 3.28587 -0.0904005 0.0520708 -0.00015944 -0.00543779 -0.020549 0.999774
1754884921.415390 3.28587 -0.0904005 0.0520708 -0.00015944 -0.00543779 -0.020549 0.999774
1754884921.515371 3.28587 -0.0904005 0.0520708 -0.00015944 -0.00543779 -0.020549 0.999774
1754884921.615387 3.28587 -0.0904005 0.0520708 -0.00015944 -0.00543779 -0.020549 0.999774
1754884921.715391 3.28587 -0.0904005 0.0520708 -0.00015944 -0.00543779 -0.020549 0.999774
1754884921.815266 3.28587 -0.0904005 0.0520708 -0.00015944 -0.00543779 -0.020549 0.999774
1754884921.915316 3.28587 -0.0904005 0.0520708 -0.00015944 -0.00543779 -0.020549 0.999774
1754884922.015236 3.28587 -0.0904005 0.0520708 -0.00015944 -0.00543779 -0.020549 0.999774
1754884922.115302 3.28587 -0.0904005 0.0520708 -0.00015944 -0.00543779 -0.020549 0.999774
1754884922.215365 3.28587 -0.0904005 0.0520708 -0.00015944 -0.00543779 -0.020549 0.999774
1754884922.315289 3.28587 -0.0904005 0.0520708 -0.00015944 -0.00543779 -0.020549 0.999774
1754884922.415328 3.28587 -0.0904005 0.0520708 -0.00015944 -0.00543779 -0.020549 0.999774
1754884922.515280 3.28587 -0.0904005 0.0520708 -0.00015944 -0.00543779 -0.020549 0.999774
1754884922.615278 3.28587 -0.0904005 0.0520708 -0.00015944 -0.00543779 -0.020549 0.999774
1754884922.715290 3.28587 -0.0904005 0.0520708 -0.00015944 -0.00543779 -0.020549 0.999774
1754884922.815288 3.28587 -0.0904005 0.0520708 -0.00015944 -0.00543779 -0.020549 0.999774
1754884922.915324 3.28587 -0.0904005 0.0520708 -0.00015944 -0.00543779 -0.020549 0.999774
1754884923.015235 3.28587 -0.0904005 0.0520708 -0.00015944 -0.00543779 -0.020549 0.999774
1754884923.115223 3.28587 -0.0904005 0.0520708 -0.00015944 -0.00543779 -0.020549 0.999774
1754884923.215207 3.28587 -0.0904005 0.0520708 -0.00015944 -0.00543779 -0.020549 0.999774
1754884923.315266 3.28587 -0.0904005 0.0520708 -0.00015944 -0.00543779 -0.020549 0.999774
1754884923.415263 3.28587 -0.0904005 0.0520708 -0.00015944 -0.00543779 -0.020549 0.999774
1754884923.515232 3.28587 -0.0904005 0.0520708 -0.00015944 -0.00543779 -0.020549 0.999774
1754884923.615232 3.28587 -0.0904005 0.0520708 -0.00015944 -0.00543779 -0.020549 0.999774
1754884923.715238 3.28587 -0.0904005 0.0520708 -0.00015944 -0.00543779 -0.020549 0.999774
1754884923.815157 3.28587 -0.0904005 0.0520708 -0.00015944 -0.00543779 -0.020549 0.999774
1754884923.915149 3.28587 -0.0904005 0.0520708 -0.00015944 -0.00543779 -0.020549 0.999774
1754884924.015246 3.28587 -0.0904005 0.0520708 -0.00015944 -0.00543779 -0.020549 0.999774
1754884924.115192 3.28587 -0.0904005 0.0520708 -0.00015944 -0.00543779 -0.020549 0.999774
1754884924.215208 3.28587 -0.0904005 0.0520708 -0.00015944 -0.00543779 -0.020549 0.999774
1754884924.315201 3.28587 -0.0904005 0.0520708 -0.00015944 -0.00543779 -0.020549 0.999774
1754884924.415229 3.28587 -0.0904005 0.0520708 -0.00015944 -0.00543779 -0.020549 0.999774
1754884924.515179 3.28587 -0.0904005 0.0520708 -0.00015944 -0.00543779 -0.020549 0.999774
1754884924.615111 3.28587 -0.0904005 0.0520708 -0.00015944 -0.00543779 -0.020549 0.999774
1754884924.715185 3.28587 -0.0904005 0.0520708 -0.00015944 -0.00543779 -0.020549 0.999774
1754884924.815135 3.28587 -0.0904005 0.0520708 -0.00015944 -0.00543779 -0.020549 0.999774
1754884924.915138 3.28587 -0.0904005 0.0520708 -0.00015944 -0.00543779 -0.020549 0.999774
1754884925.015131 3.28587 -0.0904005 0.0520708 -0.00015944 -0.00543779 -0.020549 0.999774
1754884925.115126 3.28587 -0.0904005 0.0520708 -0.00015944 -0.00543779 -0.020549 0.999774
1754884925.215010 3.28587 -0.0904005 0.0520708 -0.00015944 -0.00543779 -0.020549 0.999774
1754884925.315133 3.28587 -0.0904005 0.0520708 -0.00015944 -0.00543779 -0.020549 0.999774
1754884925.415173 3.28587 -0.0904005 0.0520708 -0.00015944 -0.00543779 -0.020549 0.999774
1754884925.515128 3.28587 -0.0904005 0.0520708 -0.00015944 -0.00543779 -0.020549 0.999774
1754884925.615019 3.28587 -0.0904005 0.0520708 -0.00015944 -0.00543779 -0.020549 0.999774
1754884925.715024 3.28587 -0.0904005 0.0520708 -0.00015944 -0.00543779 -0.020549 0.999774
1754884925.815006 3.28587 -0.0904005 0.0520708 -0.00015944 -0.00543779 -0.020549 0.999774
1754884925.915036 3.28587 -0.0904005 0.0520708 -0.00015944 -0.00543779 -0.020549 0.999774
1754884926.015019 3.28587 -0.0904005 0.0520708 -0.00015944 -0.00543779 -0.020549 0.999774
1754884926.115134 3.28587 -0.0904005 0.0520708 -0.00015944 -0.00543779 -0.020549 0.999774
1754884926.215013 3.28587 -0.0904005 0.0520708 -0.00015944 -0.00543779 -0.020549 0.999774
1754884926.315036 3.28587 -0.0904005 0.0520708 -0.00015944 -0.00543779 -0.020549 0.999774
1754884926.415044 3.28587 -0.0904005 0.0520708 -0.00015944 -0.00543779 -0.020549 0.999774
1754884926.515001 3.28587 -0.0904005 0.0520708 -0.00015944 -0.00543779 -0.020549 0.999774
1754884926.614987 3.28587 -0.0904005 0.0520708 -0.00015944 -0.00543779 -0.020549 0.999774
1754884926.714978 3.28587 -0.0904005 0.0520708 -0.00015944 -0.00543779 -0.020549 0.999774
1754884926.815015 3.28587 -0.0904005 0.0520708 -0.00015944 -0.00543779 -0.020549 0.999774
1754884926.914975 3.28587 -0.0904005 0.0520708 -0.00015944 -0.00543779 -0.020549 0.999774
1754884927.015013 3.28587 -0.0904005 0.0520708 -0.00015944 -0.00543779 -0.020549 0.999774
1754884927.115012 3.28587 -0.0904005 0.0520708 -0.00015944 -0.00543779 -0.020549 0.999774
1754884927.214959 3.28587 -0.0904005 0.0520708 -0.00015944 -0.00543779 -0.020549 0.999774
1754884927.314948 3.28587 -0.0904005 0.0520708 -0.00015944 -0.00543779 -0.020549 0.999774
1754884927.414924 3.28587 -0.0904005 0.0520708 -0.00015944 -0.00543779 -0.020549 0.999774
1754884927.514921 3.28587 -0.0904005 0.0520708 -0.00015944 -0.00543779 -0.020549 0.999774
1754884927.614935 3.28587 -0.0904005 0.0520708 -0.00015944 -0.00543779 -0.020549 0.999774
1754884927.714984 3.28587 -0.0904005 0.0520708 -0.00015944 -0.00543779 -0.020549 0.999774
1754884927.814977 3.28587 -0.0904005 0.0520708 -0.00015944 -0.00543779 -0.020549 0.999774
1754884927.914916 3.28587 -0.0904005 0.0520708 -0.00015944 -0.00543779 -0.020549 0.999774
1754884928.014888 3.28587 -0.0904005 0.0520708 -0.00015944 -0.00543779 -0.020549 0.999774
1754884928.114884 3.28587 -0.0904005 0.0520708 -0.00015944 -0.00543779 -0.020549 0.999774
1754884928.214884 3.28587 -0.0904005 0.0520708 -0.00015944 -0.00543779 -0.020549 0.999774
1754884928.314830 3.28587 -0.0904005 0.0520708 -0.00015944 -0.00543779 -0.020549 0.999774
1754884928.414888 3.28587 -0.0904005 0.0520708 -0.00015944 -0.00543779 -0.020549 0.999774
1754884928.514863 3.28587 -0.0904005 0.0520708 -0.00015944 -0.00543779 -0.020549 0.999774
1754884928.614873 3.28587 -0.0904005 0.0520708 -0.00015944 -0.00543779 -0.020549 0.999774
1754884928.714865 3.28587 -0.0904005 0.0520708 -0.00015944 -0.00543779 -0.020549 0.999774
1754884928.814871 3.28587 -0.0904005 0.0520708 -0.00015944 -0.00543779 -0.020549 0.999774
1754884928.914901 3.28587 -0.0904005 0.0520708 -0.00015944 -0.00543779 -0.020549 0.999774
1754884929.014872 3.28587 -0.0904005 0.0520708 -0.00015944 -0.00543779 -0.020549 0.999774
1754884929.114870 3.28587 -0.0904005 0.0520708 -0.00015944 -0.00543779 -0.020549 0.999774
1754884929.214815 3.28587 -0.0904005 0.0520708 -0.00015944 -0.00543779 -0.020549 0.999774
1754884929.314806 3.28587 -0.0904005 0.0520708 -0.00015944 -0.00543779 -0.020549 0.999774
1754884929.414845 3.28587 -0.0904005 0.0520708 -0.00015944 -0.00543779 -0.020549 0.999774
1754884929.514816 3.28587 -0.0904005 0.0520708 -0.00015944 -0.00543779 -0.020549 0.999774
1754884929.614812 3.28587 -0.0904005 0.0520708 -0.00015944 -0.00543779 -0.020549 0.999774
1754884929.714812 3.28587 -0.0904005 0.0520708 -0.00015944 -0.00543779 -0.020549 0.999774
1754884929.814805 3.28587 -0.0904005 0.0520708 -0.00015944 -0.00543779 -0.020549 0.999774
1754884929.914822 3.28587 -0.0904005 0.0520708 -0.00015944 -0.00543779 -0.020549 0.999774
1754884930.014820 3.28587 -0.0904005 0.0520708 -0.00015944 -0.00543779 -0.020549 0.999774
1754884930.114805 3.28587 -0.0904005 0.0520708 -0.00015944 -0.00543779 -0.020549 0.999774
1754884930.214820 3.28587 -0.0904005 0.0520708 -0.00015944 -0.00543779 -0.020549 0.999774
1754884930.314742 3.28587 -0.0904005 0.0520708 -0.00015944 -0.00543779 -0.020549 0.999774
1754884930.414771 3.28587 -0.0904005 0.0520708 -0.00015944 -0.00543779 -0.020549 0.999774
1754884930.514779 3.28587 -0.0904005 0.0520708 -0.00015944 -0.00543779 -0.020549 0.999774
1754884930.614742 3.28587 -0.0904005 0.0520708 -0.00015944 -0.00543779 -0.020549 0.999774
1754884930.714777 3.28587 -0.0904005 0.0520708 -0.00015944 -0.00543779 -0.020549 0.999774
1754884930.814761 3.28587 -0.0904005 0.0520708 -0.00015944 -0.00543779 -0.020549 0.999774
1754884930.914715 3.28587 -0.0904005 0.0520708 -0.00015944 -0.00543779 -0.020549 0.999774
1754884931.014737 3.28587 -0.0904005 0.0520708 -0.00015944 -0.00543779 -0.020549 0.999774
1754884931.114664 3.28587 -0.0904005 0.0520708 -0.00015944 -0.00543779 -0.020549 0.999774
1754884931.214661 3.28587 -0.0904005 0.0520708 -0.00015944 -0.00543779 -0.020549 0.999774
1754884931.314581 3.28587 -0.0904005 0.0520708 -0.00015944 -0.00543779 -0.020549 0.999774
1754884931.414738 3.28587 -0.0904005 0.0520708 -0.00015944 -0.00543779 -0.020549 0.999774
1754884931.514766 3.28587 -0.0904005 0.0520708 -0.00015944 -0.00543779 -0.020549 0.999774
1754884931.614707 3.28587 -0.0904005 0.0520708 -0.00015944 -0.00543779 -0.020549 0.999774
1754884931.714636 3.28587 -0.0904005 0.0520708 -0.00015944 -0.00543779 -0.020549 0.999774
1754884931.815989 3.28587 -0.0904005 0.0520708 -0.00015944 -0.00543779 -0.020549 0.999774
1754884931.915991 3.28587 -0.0904005 0.0520708 -0.00015944 -0.00543779 -0.020549 0.999774
1754884932.016018 3.28587 -0.0904005 0.0520708 -0.00015944 -0.00543779 -0.020549 0.999774
1754884932.114797 3.28587 -0.0904005 0.0520708 -0.00015944 -0.00543779 -0.020549 0.999774
1754884932.214649 3.28587 -0.0904005 0.0520708 -0.00015944 -0.00543779 -0.020549 0.999774
1754884932.314626 3.28587 -0.0904005 0.0520708 -0.00015944 -0.00543779 -0.020549 0.999774
1754884932.416013 3.28587 -0.0904005 0.0520708 -0.00015944 -0.00543779 -0.020549 0.999774
1754884932.515993 3.28587 -0.0904005 0.0520708 -0.00015944 -0.00543779 -0.020549 0.999774
1754884932.615948 3.28587 -0.0904005 0.0520708 -0.00015944 -0.00543779 -0.020549 0.999774
1754884932.715941 3.28587 -0.0904005 0.0520708 -0.00015944 -0.00543779 -0.020549 0.999774
1754884932.815892 3.28587 -0.0904005 0.0520708 -0.00015944 -0.00543779 -0.020549 0.999774
1754884932.915971 3.28587 -0.0904005 0.0520708 -0.00015944 -0.00543779 -0.020549 0.999774
1754884933.015884 3.28587 -0.0904005 0.0520708 -0.00015944 -0.00543779 -0.020549 0.999774
1754884933.115909 3.28587 -0.0904005 0.0520708 -0.00015944 -0.00543779 -0.020549 0.999774
1754884933.215879 3.28587 -0.0904005 0.0520708 -0.00015944 -0.00543779 -0.020549 0.999774
1754884933.315947 3.28587 -0.0904005 0.0520708 -0.00015944 -0.00543779 -0.020549 0.999774
1754884933.415893 3.28587 -0.0904005 0.0520708 -0.00015944 -0.00543779 -0.020549 0.999774
1754884933.515875 3.28587 -0.0904005 0.0520708 -0.00015944 -0.00543779 -0.020549 0.999774
1754884933.615873 3.28587 -0.0904005 0.0520708 -0.00015944 -0.00543779 -0.020549 0.999774
1754884933.715807 3.28587 -0.0904005 0.0520708 -0.00015944 -0.00543779 -0.020549 0.999774
1754884933.815904 3.28587 -0.0904005 0.0520708 -0.00015944 -0.00543779 -0.020549 0.999774
1754884933.915899 3.28587 -0.0904005 0.0520708 -0.00015944 -0.00543779 -0.020549 0.999774
1754884934.015818 3.28587 -0.0904005 0.0520708 -0.00015944 -0.00543779 -0.020549 0.999774
1754884934.115859 3.28587 -0.0904005 0.0520708 -0.00015944 -0.00543779 -0.020549 0.999774
1754884934.215883 3.28587 -0.0904005 0.0520708 -0.00015944 -0.00543779 -0.020549 0.999774
1754884934.315857 3.28587 -0.0904005 0.0520708 -0.00015944 -0.00543779 -0.020549 0.999774
1754884934.415822 3.28587 -0.0904005 0.0520708 -0.00015944 -0.00543779 -0.020549 0.999774
1754884934.515858 3.28587 -0.0904005 0.0520708 -0.00015944 -0.00543779 -0.020549 0.999774
1754884934.615836 3.28587 -0.0904005 0.0520708 -0.00015944 -0.00543779 -0.020549 0.999774
1754884934.715762 3.28587 -0.0904005 0.0520708 -0.00015944 -0.00543779 -0.020549 0.999774
1754884934.815800 3.28587 -0.0904005 0.0520708 -0.00015944 -0.00543779 -0.020549 0.999774
1754884934.915862 3.28587 -0.0904005 0.0520708 -0.00015944 -0.00543779 -0.020549 0.999774
1754884935.015792 3.28587 -0.0904005 0.0520708 -0.00015944 -0.00543779 -0.020549 0.999774
1754884935.115798 3.28587 -0.0904005 0.0520708 -0.00015944 -0.00543779 -0.020549 0.999774
1754884935.215777 3.28587 -0.0904005 0.0520708 -0.00015944 -0.00543779 -0.020549 0.999774
1754884935.315786 3.28587 -0.0904005 0.0520708 -0.00015944 -0.00543779 -0.020549 0.999774
1754884935.415773 3.28587 -0.0904005 0.0520708 -0.00015944 -0.00543779 -0.020549 0.999774
1754884935.515752 3.28587 -0.0904005 0.0520708 -0.00015944 -0.00543779 -0.020549 0.999774
1754884935.615799 3.28587 -0.0904005 0.0520708 -0.00015944 -0.00543779 -0.020549 0.999774
1754884935.715751 3.28587 -0.0904005 0.0520708 -0.00015944 -0.00543779 -0.020549 0.999774
1754884935.815725 3.28587 -0.0904005 0.0520708 -0.00015944 -0.00543779 -0.020549 0.999774
1754884935.915768 3.28587 -0.0904005 0.0520708 -0.00015944 -0.00543779 -0.020549 0.999774
1754884936.015749 3.28587 -0.0904005 0.0520708 -0.00015944 -0.00543779 -0.020549 0.999774
1754884936.115731 3.28587 -0.0904005 0.0520708 -0.00015944 -0.00543779 -0.020549 0.999774
1754884936.215719 3.28587 -0.0904005 0.0520708 -0.00015944 -0.00543779 -0.020549 0.999774
1754884936.315727 3.28587 -0.0904005 0.0520708 -0.00015944 -0.00543779 -0.020549 0.999774
1754884936.415689 3.28587 -0.0904005 0.0520708 -0.00015944 -0.00543779 -0.020549 0.999774
1754884936.515670 3.28587 -0.0904005 0.0520708 -0.00015944 -0.00543779 -0.020549 0.999774
1754884936.615724 3.28587 -0.0904005 0.0520708 -0.00015944 -0.00543779 -0.020549 0.999774
1754884936.715690 3.28587 -0.0904005 0.0520708 -0.00015944 -0.00543779 -0.020549 0.999774
1754884936.815701 3.28587 -0.0904005 0.0520708 -0.00015944 -0.00543779 -0.020549 0.999774
1754884936.915679 3.28587 -0.0904005 0.0520708 -0.00015944 -0.00543779 -0.020549 0.999774
1754884937.015628 3.28587 -0.0904005 0.0520708 -0.00015944 -0.00543779 -0.020549 0.999774
1754884937.115673 3.28587 -0.0904005 0.0520708 -0.00015944 -0.00543779 -0.020549 0.999774
1754884937.215681 3.28587 -0.0904005 0.0520708 -0.00015944 -0.00543779 -0.020549 0.999774
1754884937.315649 3.28587 -0.0904005 0.0520708 -0.00015944 -0.00543779 -0.020549 0.999774
1754884937.415670 3.28587 -0.0904005 0.0520708 -0.00015944 -0.00543779 -0.020549 0.999774
1754884937.515642 3.28587 -0.0904005 0.0520708 -0.00015944 -0.00543779 -0.020549 0.999774
1754884937.615615 3.28587 -0.0904005 0.0520708 -0.00015944 -0.00543779 -0.020549 0.999774
1754884937.715602 3.28587 -0.0904005 0.0520708 -0.00015944 -0.00543779 -0.020549 0.999774
1754884937.815647 3.28587 -0.0904005 0.0520708 -0.00015944 -0.00543779 -0.020549 0.999774
1754884937.915634 3.28587 -0.0904005 0.0520708 -0.00015944 -0.00543779 -0.020549 0.999774
1754884938.015619 3.28587 -0.0904005 0.0520708 -0.00015944 -0.00543779 -0.020549 0.999774
1754884938.115586 3.28587 -0.0904005 0.0520708 -0.00015944 -0.00543779 -0.020549 0.999774
