            0.299969 0 0 0 1.16146e-05 -6.1909e-05 6.32275e-05 0 0 0 0 0 0   0.00027999 -0.000584784   0.00052659 -0.000463742  0.000994129 -0.000819952 0 0 0 0.0277094 0.0570711  -9.80879 
            0.399929  -0.0010163 -0.00456386 -0.00867857  0.00361878 -0.00337204 0.000339019 0 0 0 0 0 0    0.0011273 -0.000674265  0.000399903 -0.000463735  0.000994138  -0.00081995 -5.60945e-08  5.11365e-08 -3.53802e-09 0.0277095 0.0570711  -9.80879 
            0.499916 -0.00030889 -0.00144096 -0.00861931   -0.0139372   0.00621962 -0.000146665 0 0 0 0 0 0  -0.0935737    0.051086 -0.00238197 -0.000465937  0.000991587 -0.000820649   2.0978e-05 -1.14492e-05  6.17628e-07 0.0276892 0.0570821  -9.80879 
             0.59988 0.000298352 -0.00188349  0.00369993  -0.00948175   0.00286877 -0.000345533 0 0 0 0 0 0  -0.0281735   0.0084784 -0.00240974 -0.000593561  0.000853656 -0.000841033  -0.0107958  0.00990262 6.78185e-05 0.0380908 0.0475454  -9.80881 
            0.699892 0.000986147 -0.00274303  0.00978362  -0.00599804   0.00262511 -8.66551e-05 0 0 0 0 0 0   0.00263306 -0.000737057 -0.000232222 -0.000603509  0.000817922 -0.000849447 -0.0212992   0.014588 -0.0013161 0.0481974 0.0430535  -9.80879 
            0.799886  0.000113145 -0.000630953    0.0213908 -0.00566747  0.00120246 0.000725933 0 0 0 0 0 0  0.00683373 -0.00962791  0.00459435 -0.000603319  0.000815671 -0.000862174  -0.0214664   0.0176011 -0.00411123 0.0483708 0.0401693   -9.8088 
            0.899927 0.000724271 -0.00119814 -0.00666022 -0.000259675   0.00473864  0.000726088 0 0 0 0 0 0  0.0316432 0.00850145 0.00233924 -0.000618161  0.000826271 -0.000824347  -0.0306508  0.00816132 -0.00278157  0.057188 0.0492451  -9.80871 
            0.999936 0.000838282 -0.00144951  0.00814472 -0.00288313  0.00541583 0.000600803 0 0 0 0 0 0   0.0103023  0.00855184 0.000894829 -0.000623858  0.000792325 -0.000845288  -0.0194233  0.00783806 -0.00187618 0.0463929  0.049557  -9.80877 
             1.09987 0.000868702 -0.00134612    0.010407 -0.00395234  0.00509878 0.000767051 0 0 0 0 0 0 0.00426499 0.00272114 0.00165601 -0.000619189  0.000780123 -0.000845937  -0.0157088  0.00958989 -0.00206564 0.0428237 0.0478756  -9.80879 
             1.19987   0.0017731 -0.00197033  -0.0113113 -0.000808022   0.00727572  0.000773744 0 0 0 0 0 0  0.0189374 0.00944654 0.00107975 -0.000632076  0.000795897 -0.000820602   -0.019729  0.00650685 -0.00162194 0.0466839 0.0508359  -9.80876 
             1.29991  0.00132904 -0.00157417 -0.00387189 -0.00279148  0.00753299 0.000876727 0 0 0 0 0 0  0.0046968 0.00653458 0.00162677 -0.000629701  0.000778795 -0.000828007  -0.0139346  0.00702724 -0.00164261 0.0411182 0.0503361  -9.80878 
             1.39988  0.00138491 -0.00103585  0.00622092 -0.00290775  0.00370926  0.00102189 0 0 0 0 0 0 0.00604677 -0.0162431 0.00200644 -0.000609446  0.000778169 -0.000838931  -0.0135163   0.0135204 -0.00167336 0.0407163 0.0441012  -9.80882 
             1.49979 0.000843847 -0.00130794 -0.00556552 -0.00543093  0.00279462 0.000781668 0 0 0 0 0 0  -0.00551141   -0.0146264 -7.99789e-05 -0.000605561  0.000781445 -0.000831863   -0.0092669    0.0121869 -0.000774517 0.0366327 0.0453748  -9.80883 
             1.59988   0.00207034 -0.000748749   -0.0113857 -0.000523893   0.00857453   0.00199608 0 0 0 0 0 0  0.0193061  0.0168518 0.00629306 -0.000517688  0.000730967 -0.000821515  -0.0139213  0.00605677 -0.00212291 0.0411056  0.051264  -9.80878 
             1.69989  0.00284264 -0.00214577  -0.0152567 0.00348464 0.00981345 0.00186331 0 0 0 0 0 0  0.0313284  0.0133284 0.00270266 -0.000521202  0.000713809 -0.000816239   -0.0159213   0.00661353 -0.000590633 0.0430183 0.0507215  -9.80877 
             1.79987  0.00264733 -0.00105579 -0.00522824 -0.00072468  0.00804403  0.00149409 0 0 0 0 0 0   0.00296107  0.000206081 -0.000205314 -0.000539652  0.000744148 -0.000827159   -0.008337  0.00908246 0.000650342 0.0357394 0.0483513  -9.80882 
             1.89985   0.00256835 -0.000526017   -0.0195861 -0.000649243   0.00946478    0.0018078 0 0 0 0 0 0 0.00306555 0.00510422 0.00154659 -0.000544183  0.000739914 -0.000809358 -0.00788356  0.00729321 6.59654e-06 0.0353074 0.0500696  -9.80881 
             1.99983  0.00273788 -0.00122422  -0.0139122 0.00130455 0.00960818  0.0014526 0 0 0 0 0 0   0.0119213  0.00148386 -0.00102209 -0.000540604  0.000749446 -0.000812891 -0.00963147  0.00770848 0.000957353 0.0369794 0.0496666   -9.8088 
             2.09981  0.00186952 -0.00191174  0.00483164 -0.00118467  0.00762403 0.000431786 0 0 0 0 0 0 -0.00176128 -0.00841014 -0.00621392  -0.00053026  0.000731786 -0.000834724 -0.00602808  0.00964654  0.00249846 0.0335219 0.0478036  -9.80883 
             2.19982  0.00185917 -0.00198658  -0.0147554 -0.00305046  0.00663432 0.000613868 0 0 0 0 0 0 -0.00816814   -0.010249 -0.00227852 -0.000528489   0.00072278 -0.000811313 -0.00431536  0.00967474  0.00110182 0.0318856 0.0477834  -9.80883 
             2.29983  0.00240591 -0.00169842 -0.00463305 -0.00302064   0.0103127  0.00114538 0 0 0 0 0 0 -0.00516551  0.00977394  0.00154278 -0.000550575  0.000726938 -0.000825816  -0.00467353   0.00509819 -0.000162106 0.0322328 0.0521699  -9.80881 
             2.39977   0.0034684 -0.00141638  -0.0255598 -0.00135513   0.0136409  0.00151873 0 0 0 0 0 0 0.00531304  0.0194004 0.00297613   -0.0005628  0.000734505 -0.000800376  -0.00648766   0.00284349 -0.000522225 0.0339711 0.0543281  -9.80879 
             2.49984  0.00333524 -0.00221418 -0.00253759 -0.00162327   0.0140097  0.00133161 0 0 0 0 0 0   0.0034184    0.012296 0.000641518 -0.000562015  0.000734161  -0.00081196 -0.00586812  0.00408425 0.000184146 0.0333764 0.0531378   -9.8088 
